0.000000
0.000000
0.000000
0.000000
0.000000
0.000000
0.000000
0.000000
0.000000
0.000000
0.000000
0.000000
0.000000
0.000000
0.000000
0.000000
0.000000
0.000000
0.000000
0.000000
0.000000
0.000000
0.000000
0.000000
0.000000
0.000000
0.000000
0.000000
0.000000
0.000000
0.000000
5.700001
5.700001
5.700001
5.700001
5.700001
0.000000
0.000000
0.000000
0.000000
0.000000
0.000000
0.000000
0.000000
0.000000
0.000000
0.000000
0.000000
0.000000
0.000000
0.000000
0.000000
0.000000
2.100000
2.100000
2.100000
2.100000
2.100000
0.000000
0.000000
0.000000
0.000000
0.000000
0.000000
0.000000
0.000000
0.000000
0.000000
0.000000
0.000000
0.000000
0.000000
0.000000
0.000000
0.000000
0.000000
0.000000
0.000000
0.000000
0.000000
0.000000
0.000000
0.000000
0.000000
0.000000
0.000000
0.000000
0.000000
0.000000
0.000000
0.000000
0.000000
0.000000
0.000000
0.000000
0.000000
0.000000
0.000000
0.000000
0.000000
0.000000
0.000000
0.000000
0.000000
0.000000
0.000000
0.000000
0.000000
0.000000
0.000000
0.000000
0.000000
0.000000
0.000000
0.000000
0.000000
0.000000
0.000000
0.000000
0.000000
0.000000
0.000000
0.000000
0.000000
0.000000
0.000000
0.000000
0.000000
0.000000
0.000000
5.700001
11.400002
11.400002
17.099997
17.099997
17.099997
11.400002
11.400002
5.700001
0.000000
0.000000
0.000000
0.000000
0.000000
0.000000
0.000000
0.000000
0.000000
0.000000
0.000000
0.000000
0.000000
2.100000
4.200000
4.200000
6.300000
6.300000
6.300000
4.200000
4.200000
2.100000
0.000000
0.000000
0.000000
0.000000
0.000000
0.000000
0.000000
0.000000
0.000000
0.000000
0.000000
0.000000
0.000000
0.000000
0.000000
0.000000
0.000000
0.000000
0.000000
0.000000
0.000000
0.000000
0.000000
0.000000
0.000000
0.000000
0.000000
0.000000
0.000000
0.000000
0.000000
0.000000
0.000000
0.000000
0.000000
0.000000
0.000000
0.000000
0.000000
0.000000
0.000000
0.000000
0.000000
0.000000
0.000000
0.000000
0.000000
0.000000
0.000000
0.000000
0.000000
0.000000
0.000000
0.000000
0.000000
0.000000
0.000000
0.000000
0.000000
0.000000
0.000000
0.000000
0.000000
0.000000
0.000000
0.000000
0.000000
0.000000
0.000000
5.700001
11.400002
17.099997
17.099997
22.800003
22.800003
22.800003
17.099997
17.099997
11.400002
5.700001
0.000000
0.000000
0.000000
0.000000
0.000000
0.000000
0.000000
0.000000
0.000000
0.000000
0.000000
2.100000
4.200000
6.300000
6.300000
8.400000
8.400000
8.400000
6.300000
6.300000
4.200000
2.100000
0.000000
0.000000
0.000000
0.000000
0.000000
0.000000
0.000000
0.000000
0.000000
0.000000
0.000000
0.000000
0.000000
0.000000
0.000000
0.000000
0.000000
0.000000
0.000000
0.000000
0.000000
0.000000
0.000000
0.000000
0.000000
0.000000
0.000000
0.000000
0.000000
0.000000
0.000000
0.000000
0.000000
0.000000
0.000000
0.000000
0.000000
0.000000
0.000000
0.000000
0.000000
0.000000
0.000000
0.000000
0.000000
0.000000
0.000000
0.000000
0.000000
0.000000
0.000000
0.000000
0.000000
0.000000
0.000000
0.000000
0.000000
0.000000
0.000000
0.000000
0.000000
0.000000
0.000000
0.000000
0.000000
0.000000
0.000000
5.100000
16.500006
22.199995
27.900005
33.599998
28.500000
28.500000
28.500000
28.500000
22.800003
17.099997
11.400002
0.000000
0.000000
5.100000
5.100000
5.100000
5.100000
5.100000
0.000000
0.000000
0.000000
0.000000
4.200000
6.300000
8.400000
10.500000
10.500000
10.500000
10.500000
10.500000
8.400000
6.300000
4.200000
0.000000
0.000000
0.000000
0.000000
0.000000
0.000000
0.000000
0.000000
0.000000
0.000000
0.000000
0.000000
0.000000
0.000000
0.000000
0.000000
0.000000
0.000000
0.000000
0.000000
0.000000
0.000000
0.000000
0.000000
0.000000
0.000000
0.000000
0.000000
0.000000
0.000000
0.000000
0.000000
0.000000
0.000000
0.000000
0.000000
0.000000
0.000000
0.000000
0.000000
0.000000
0.000000
0.000000
0.000000
0.000000
0.000000
0.000000
0.000000
0.000000
0.000000
0.000000
0.000000
0.000000
0.000000
0.000000
0.000000
0.000000
0.000000
0.000000
0.000000
0.000000
0.000000
0.000000
0.000000
0.000000
5.100000
5.100000
15.900004
21.600008
32.399990
38.700001
44.399990
39.299992
44.999992
34.199993
34.199993
28.500000
17.099997
11.400002
10.800004
5.100000
10.200001
10.200001
15.299997
10.200001
10.200001
5.100000
5.100000
0.000000
2.100000
4.200000
6.300000
10.500000
12.600000
12.600000
14.700001
12.600000
12.600000
10.500000
6.300000
4.200000
2.100000
0.000000
0.000000
0.000000
0.000000
0.000000
0.000000
0.000000
0.000000
0.000000
0.000000
0.000000
0.000000
0.000000
0.000000
0.000000
0.000000
0.000000
0.000000
0.000000
0.000000
0.000000
0.000000
0.000000
0.000000
0.000000
0.000000
0.000000
0.000000
0.000000
0.000000
0.000000
0.000000
0.000000
0.000000
0.000000
0.000000
0.000000
0.000000
0.000000
0.000000
0.000000
0.000000
0.000000
0.000000
0.000000
0.000000
0.000000
0.000000
0.000000
0.000000
0.000000
0.000000
0.000000
0.000000
0.000000
0.000000
0.000000
0.000000
0.000000
0.000000
0.000000
0.000000
0.000000
5.100000
10.200001
15.299997
20.999985
37.500008
43.200016
48.900002
49.499985
60.900013
55.800011
50.700008
34.199993
28.500000
22.800003
22.199995
15.900004
15.299997
15.299997
20.400002
20.400002
20.400002
15.299997
15.299997
10.200001
5.100000
2.100000
6.300000
8.400000
10.500000
12.600000
16.799999
16.799999
16.799999
12.600000
10.500000
8.400000
6.300000
2.100000
0.000000
0.000000
0.000000
0.000000
0.000000
0.000000
0.000000
0.000000
0.000000
0.000000
0.000000
0.000000
0.000000
0.000000
0.000000
0.000000
0.000000
0.000000
0.000000
0.000000
0.000000
0.000000
0.000000
0.000000
0.000000
0.000000
0.000000
0.000000
0.000000
0.000000
0.000000
0.000000
0.000000
0.000000
0.000000
0.000000
0.000000
0.000000
0.000000
0.000000
0.000000
0.000000
0.000000
0.000000
0.000000
0.000000
0.000000
0.000000
0.000000
0.000000
0.000000
0.000000
0.000000
0.000000
0.000000
0.000000
0.000000
0.000000
0.000000
0.000000
0.000000
0.000000
0.000000
5.100000
15.299997
20.400002
31.199986
42.600014
48.300014
54.000000
65.399979
66.000023
69.449982
50.700008
39.899998
28.500000
22.800003
22.199995
20.999985
20.400002
25.500000
25.500000
25.500000
25.500000
25.500000
20.400002
15.299997
5.100000
5.100000
9.299999
11.399999
20.100002
26.400007
25.500000
28.650005
25.500000
16.800001
10.500000
8.400000
6.300000
2.100000
0.000000
0.000000
0.000000
0.000000
0.000000
0.000000
0.000000
0.000000
0.000000
0.000000
0.000000
0.000000
0.000000
0.000000
0.000000
0.000000
0.000000
0.000000
0.000000
0.000000
0.000000
0.000000
0.000000
0.000000
0.000000
0.000000
0.000000
0.000000
0.000000
0.000000
0.000000
0.000000
0.000000
0.000000
0.000000
0.000000
0.000000
0.000000
0.000000
0.000000
0.000000
0.000000
0.000000
0.000000
0.000000
0.000000
0.000000
0.000000
0.000000
0.000000
0.000000
0.000000
0.000000
0.000000
0.000000
0.000000
0.000000
0.000000
0.000000
0.000000
0.000000
0.000000
5.100000
10.200001
15.299997
25.500000
36.299980
47.700020
58.500015
59.099995
64.799980
71.100021
60.900013
55.800011
39.299992
28.500000
27.900005
27.299994
20.999985
25.500000
30.599995
30.599995
35.700001
30.599995
30.599995
25.500000
18.299992
13.200003
13.200004
18.900002
32.700008
33.900009
42.599991
45.899998
45.899998
36.299999
30.000000
21.300003
10.499999
6.300000
2.100000
0.000000
0.000000
0.000000
0.000000
0.000000
0.000000
0.000000
0.000000
0.000000
0.000000
0.000000
0.000000
0.000000
0.000000
0.000000
0.000000
0.000000
0.000000
0.000000
0.000000
0.000000
0.000000
0.000000
0.000000
0.000000
0.000000
0.000000
0.000000
0.000000
0.000000
0.000000
0.000000
0.000000
0.000000
0.000000
0.000000
0.000000
0.000000
0.000000
0.000000
0.000000
0.000000
0.000000
0.000000
0.000000
0.000000
0.000000
0.000000
0.000000
0.000000
0.000000
0.000000
0.000000
0.000000
0.000000
0.000000
0.000000
0.000000
0.000000
0.000000
0.000000
0.000000
5.100000
10.200001
20.400002
25.500000
36.299980
52.199974
57.900032
69.300003
64.799980
59.699986
60.299984
44.399990
39.299992
28.500000
22.199995
21.600008
26.099987
25.500000
30.599995
40.800003
40.800003
40.800003
30.599995
28.499992
26.400005
19.199997
22.799982
31.500004
42.299992
48.600002
54.300014
56.400009
55.500004
43.799995
38.699989
30.000000
17.100000
6.299999
2.100000
0.000000
0.000000
0.000000
0.000000
0.000000
0.000000
0.000000
0.000000
0.000000
0.000000
0.000000
0.000000
0.000000
0.000000
0.000000
0.000000
0.000000
0.000000
0.000000
0.000000
0.000000
0.000000
0.000000
0.000000
0.000000
5.700001
5.700001
11.400002
11.400002
11.400002
5.700001
5.700001
0.000000
0.000000
0.000000
0.000000
0.000000
0.000000
0.000000
0.000000
0.000000
0.000000
0.000000
0.000000
0.000000
0.000000
0.000000
0.000000
0.000000
0.000000
0.000000
0.000000
0.000000
0.000000
0.000000
0.000000
0.000000
0.000000
0.000000
0.000000
0.000000
0.000000
5.100000
15.299997
20.400002
25.500000
35.700001
52.199974
65.550018
63.600018
64.199997
54.000000
48.900002
43.799995
33.599998
22.800003
22.199995
26.700005
20.400002
25.500000
35.700001
40.800003
48.449993
40.800003
35.700001
28.499992
29.399998
27.300005
33.300003
43.199978
54.000038
64.800011
69.000000
66.000000
63.000000
57.000000
47.400005
36.600006
25.799997
8.400000
0.000000
0.000000
0.000000
0.000000
0.000000
0.000000
0.000000
0.000000
0.000000
0.000000
0.000000
0.000000
0.000000
0.000000
0.000000
0.000000
0.000000
0.000000
0.000000
0.000000
0.000000
0.000000
0.000000
0.000000
0.000000
5.700001
11.400002
17.099997
17.099997
17.099997
17.099997
17.099997
11.400002
5.700001
0.000000
0.000000
0.000000
0.000000
0.000000
0.000000
0.000000
0.000000
0.000000
0.000000
0.000000
0.000000
0.000000
0.000000
0.000000
0.000000
0.000000
0.000000
0.000000
0.000000
0.000000
0.000000
0.000000
0.000000
0.000000
0.000000
0.000000
0.000000
0.000000
5.100000
10.200001
20.400002
25.500000
30.599995
46.499989
52.199974
57.900032
54.000004
54.599998
49.500000
39.299995
28.499979
17.099997
16.500006
15.900004
20.400002
25.500000
30.599995
40.800003
40.800003
40.800003
33.599987
31.500004
29.399998
31.799984
38.399986
44.099987
64.500000
74.399994
76.500000
82.199974
71.699959
66.599976
54.900005
36.600002
23.700003
12.900004
2.100000
0.000000
0.000000
0.000000
0.000000
0.000000
0.000000
0.000000
0.000000
0.000000
0.000000
0.000000
0.000000
0.000000
0.000000
0.000000
0.000000
0.000000
0.000000
0.000000
0.000000
0.000000
0.000000
0.000000
5.700001
11.400002
17.099997
22.800003
22.800003
22.800003
22.800003
22.800003
17.099997
11.400002
5.700001
0.000000
0.000000
0.000000
0.000000
0.000000
0.000000
0.000000
0.000000
0.000000
0.000000
0.000000
0.000000
0.000000
0.000000
0.000000
0.000000
0.000000
0.000000
0.000000
0.000000
0.000000
0.000000
0.000000
0.000000
0.000000
0.000000
0.000000
0.000000
5.100000
10.200001
15.299997
25.500000
30.599995
30.599995
47.699970
54.599937
54.599937
61.500046
51.300022
46.200016
29.100014
24.000010
17.100004
10.200001
15.299997
25.500000
30.599995
30.599995
35.700001
30.599995
33.599987
31.500004
27.300005
31.799984
45.000008
56.700024
67.500023
78.299973
87.600029
90.900040
87.900040
68.700005
52.799984
41.099995
30.299995
12.900000
2.100000
0.000000
2.100000
9.600003
9.600003
9.600003
9.600003
7.500002
0.000000
0.000000
0.000000
0.000000
0.000000
0.000000
0.000000
0.000000
0.000000
0.000000
0.000000
0.000000
0.000000
0.000000
0.000000
5.700001
11.400002
17.099997
22.800003
28.500000
28.500000
34.199993
28.500000
28.500000
22.800003
17.099997
11.400002
5.700001
0.000000
0.000000
0.000000
0.000000
0.000000
0.000000
0.000000
0.000000
0.000000
0.000000
0.000000
0.000000
0.000000
0.000000
0.000000
0.000000
0.000000
0.000000
0.000000
0.000000
0.000000
0.000000
0.000000
0.000000
0.000000
0.000000
0.000000
0.000000
5.100000
15.299997
20.400002
25.500000
31.799984
38.099987
44.400017
50.100018
51.300003
46.200001
36.000015
24.599995
18.899996
12.600002
11.400004
15.299997
20.400002
25.500000
25.500000
25.500000
25.500000
28.499992
29.399998
27.300005
26.699984
42.900005
56.700024
69.899986
80.699974
90.600037
96.600014
86.850029
74.100014
52.799984
36.900005
28.200001
12.900000
4.200000
11.700005
19.200006
21.300001
28.799992
28.799992
26.699997
19.200006
17.100002
7.500002
0.000000
0.000000
0.000000
0.000000
0.000000
0.000000
0.000000
0.000000
0.000000
0.000000
0.000000
0.000000
0.000000
5.700001
17.099997
22.800003
28.500000
34.199993
39.899998
39.899998
39.899998
34.199993
28.500000
22.800003
17.099997
5.700001
0.000000
0.000000
0.000000
0.000000
0.000000
0.000000
0.000000
0.000000
0.000000
0.000000
0.000000
0.000000
0.000000
0.000000
0.000000
0.000000
0.000000
0.000000
0.000000
0.000000
0.000000
0.000000
2.700000
10.800004
13.800006
13.800006
15.900007
13.200006
10.200004
14.400003
19.499996
17.399998
35.099998
41.400013
45.600018
46.799995
46.799995
41.700001
36.599998
31.500000
25.200005
18.899996
17.700006
10.200001
15.299997
15.299997
20.400002
20.400002
20.400002
18.299992
21.300001
22.200005
26.699984
39.899998
56.700024
65.400002
74.099983
83.400040
84.600029
81.600029
62.399998
48.599995
36.900005
28.200001
15.000000
13.800006
21.300001
28.799992
30.900000
38.400013
38.400013
36.300014
28.799992
26.699997
17.100002
7.500002
0.000000
0.000000
0.000000
0.000000
0.000000
0.000000
0.000000
0.000000
0.000000
0.000000
0.000000
0.000000
11.400002
17.099997
22.800003
28.500000
39.899998
45.600006
45.600006
45.600006
39.899998
28.500000
22.800003
17.099997
11.400002
0.000000
0.000000
0.000000
0.000000
0.000000
0.000000
0.000000
0.000000
0.000000
0.000000
0.000000
0.000000
0.000000
0.000000
0.000000
0.000000
0.000000
0.000000
0.000000
0.000000
2.700000
10.800004
16.500006
24.600000
32.400002
37.799984
34.799999
31.199999
25.199999
24.599997
16.500004
24.899990
29.100012
38.400002
43.800003
50.099991
42.899990
49.199989
37.799992
37.799992
31.500000
18.899996
12.600002
11.400004
5.100000
10.200001
10.200001
15.299997
10.200001
13.200003
11.100002
14.099998
27.899971
39.599968
54.600029
72.900017
80.700005
76.499985
80.099991
63.299976
58.199982
48.599995
30.299995
19.500000
15.000007
23.399996
30.900000
40.500008
48.000000
48.000000
48.000000
48.000000
45.900005
36.300014
26.699997
15.000004
0.000000
0.000000
0.000000
0.000000
0.000000
0.000000
0.000000
0.000000
0.000000
0.000000
0.000000
0.000000
11.400002
17.099997
22.800003
34.199993
39.899998
45.600006
54.149990
45.600006
39.899998
34.199993
22.800003
17.099997
11.400002
0.000000
0.000000
0.000000
0.000000
0.000000
0.000000
0.000000
0.000000
0.000000
0.000000
0.000000
0.000000
0.000000
0.000000
0.000000
0.000000
0.000000
0.000000
0.000000
2.700000
13.500006
27.299994
38.399975
46.200008
56.400021
61.500034
60.900036
56.999992
53.400024
42.600010
28.800009
29.099970
36.599998
38.700016
42.900002
47.099991
52.500011
50.400009
50.400009
37.799992
31.500000
25.200005
18.899996
6.300001
0.000000
5.100000
5.100000
5.100000
5.100000
5.100000
3.000000
15.300004
24.600006
47.099964
57.900021
66.600021
75.299973
77.399994
68.100006
58.800003
46.500000
36.900005
28.200001
21.600002
15.900007
21.300001
32.999992
50.099995
57.599983
59.699978
65.099983
57.599983
55.499989
43.800011
26.699997
17.100002
7.500002
0.000000
0.000000
0.000000
0.000000
0.000000
0.000000
0.000000
0.000000
0.000000
0.000000
0.000000
11.400002
17.099997
22.800003
28.500000
39.899998
45.600006
45.600006
45.600006
39.899998
28.500000
22.800003
17.099997
11.400002
0.000000
0.000000
0.000000
0.000000
0.000000
0.000000
0.000000
0.000000
0.000000
0.000000
0.000000
0.000000
0.000000
0.000000
0.000000
0.000000
0.000000
0.000000
0.000000
2.700000
16.199999
38.099991
54.900024
68.100021
75.300011
77.399979
81.600021
83.100014
74.400002
59.999992
38.099998
28.199982
35.700001
37.800014
39.900002
50.399990
52.500011
59.849987
50.400009
44.099995
31.500000
25.200005
18.899996
6.300001
0.000000
0.000000
0.000000
0.000000
0.000000
0.000000
9.300003
18.600006
27.899992
40.799992
52.499973
61.200035
63.300056
66.900032
62.700012
53.400028
37.500000
26.099993
19.500000
12.900005
15.900001
30.900000
40.500008
50.099995
61.799999
76.800026
76.800026
72.600029
55.499989
45.900005
36.300014
24.599989
7.500002
0.000000
0.000000
0.000000
0.000000
0.000000
0.000000
0.000000
0.000000
0.000000
0.000000
0.000000
5.700001
17.099997
22.800003
28.500000
34.199993
39.899998
39.899998
39.899998
34.199993
28.500000
22.800003
17.099997
5.700001
0.000000
0.000000
0.000000
0.000000
0.000000
0.000000
0.000000
0.000000
0.000000
0.000000
0.000000
0.000000
0.000000
0.000000
0.000000
0.000000
0.000000
0.000000
2.700000
13.500006
27.299994
43.799980
67.800026
83.999969
91.800018
103.500046
102.599976
99.000046
91.800003
69.900002
53.099983
45.599987
40.800007
42.000015
44.099998
44.099991
54.600010
52.500011
50.400009
37.799992
31.500000
25.200005
18.899996
6.300001
0.000000
0.000000
0.000000
0.000000
0.000000
6.300001
12.600002
21.899994
28.200006
37.500000
44.099983
62.099949
54.899956
61.500023
54.300041
48.000015
32.100010
23.700010
10.800003
4.200000
13.799999
30.900000
40.500008
52.199989
69.299995
79.950005
88.049995
74.700005
62.999989
45.900005
36.300014
24.599989
7.500002
0.000000
0.000000
0.000000
0.000000
0.000000
9.300003
9.300003
18.600006
18.600006
18.600006
9.300003
15.000007
11.400002
17.099997
22.800003
28.500000
28.500000
34.199993
28.500000
28.500000
22.800003
17.099997
11.400002
5.700001
0.000000
0.000000
0.000000
0.000000
0.000000
0.000000
0.000000
0.000000
0.000000
0.000000
0.000000
0.000000
0.000000
0.000000
0.000000
0.000000
0.000000
0.000000
2.700000
13.500006
30.000004
51.899994
70.800011
89.399986
112.800041
123.000069
121.800072
111.299988
96.600021
82.200027
60.300011
47.699993
40.799976
35.700001
44.099998
46.199989
41.999992
46.199993
37.799992
37.799992
31.500000
18.899996
12.600002
6.300001
0.000000
0.000000
0.000000
0.000000
0.000000
6.300001
18.899996
25.200005
31.500000
40.799992
47.099991
47.099991
53.699974
49.499969
40.199978
33.899982
27.599974
8.400002
0.000000
2.100000
13.799999
30.900000
40.500008
50.099995
61.799999
76.800026
76.800026
72.600029
55.499989
45.900005
36.300014
24.599989
7.500002
0.000000
0.000000
0.000000
0.000000
9.300003
18.600006
27.899992
27.899992
27.899992
27.899992
27.899992
18.600006
15.000007
11.400002
17.099997
22.800003
22.800003
22.800003
22.800003
22.800003
17.099997
11.400002
5.700001
0.000000
0.000000
0.000000
0.000000
0.000000
0.000000
0.000000
0.000000
0.000000
0.000000
0.000000
0.000000
0.000000
0.000000
0.000000
0.000000
0.000000
0.000000
0.000000
2.700000
16.199999
38.099991
54.900024
73.499992
99.600006
119.849968
135.150040
133.199951
119.399986
102.749985
87.000023
70.499992
47.549992
40.799976
39.900009
37.800014
39.900002
37.799999
33.599998
31.500000
31.500000
25.200005
18.899996
12.600002
0.000000
0.000000
0.000000
0.000000
0.000000
0.000000
12.600002
18.899996
25.200005
31.500000
44.099995
50.400009
50.400009
50.400009
44.099995
31.500000
25.200005
18.899996
12.600002
0.000000
2.100000
11.700005
21.300001
32.999992
50.099995
57.599983
59.699978
65.099983
57.599983
55.499989
43.800011
26.699997
17.100002
7.500002
0.000000
0.000000
0.000000
9.300003
18.600006
27.899992
37.200012
37.200012
37.200012
37.200012
37.200012
27.899992
18.600006
15.000007
11.400002
17.099997
17.099997
17.099997
17.099997
17.099997
11.400002
5.700001
0.000000
0.000000
0.000000
0.000000
0.000000
0.000000
0.000000
0.000000
0.000000
0.000000
0.000000
0.000000
0.000000
0.000000
0.000000
0.000000
0.000000
0.000000
0.000000
0.000000
2.700000
13.500006
30.000004
51.899994
70.800011
89.399986
112.800041
123.000069
121.800072
111.299988
96.600021
82.200027
60.300011
41.400009
38.999985
33.900002
36.000004
31.799992
33.900009
27.300005
25.200005
18.899996
18.899996
12.600002
6.300001
0.000000
0.000000
0.000000
0.000000
0.000000
0.000000
12.600002
18.899996
25.200005
37.799992
44.099995
50.400009
59.849987
50.400009
44.099995
37.799992
25.200005
18.899996
12.600002
0.000000
0.000000
4.200000
21.300001
35.399998
45.000008
52.500000
52.500000
52.500000
48.000000
45.900005
43.500023
33.899990
29.400013
14.400003
14.400003
7.200002
16.500006
18.600006
27.899992
37.200012
46.500000
46.500000
55.799984
46.500000
46.500000
31.800026
22.500006
13.200010
9.600003
0.300000
17.700001
17.700001
17.700001
5.700001
5.700001
0.000000
0.000000
0.000000
0.000000
0.000000
0.000000
0.000000
0.000000
0.000000
0.000000
0.000000
0.000000
0.000000
0.000000
0.000000
0.000000
0.000000
0.000000
0.000000
0.000000
0.000000
2.700000
13.500006
27.299994
43.799980
67.800026
83.999969
91.800018
103.500046
102.599976
99.000046
91.800003
69.900002
57.599987
43.799999
30.899994
32.099983
38.699986
27.900005
32.099995
25.499994
23.399994
12.600002
12.600002
6.300001
0.000000
0.000000
0.000000
0.000000
0.000000
0.000000
0.000000
12.600002
18.899996
25.200005
31.500000
44.099995
50.400009
50.400009
50.400009
44.099995
31.500000
25.200005
18.899996
12.600002
0.000000
0.000000
6.600001
20.700006
30.300007
42.300007
44.400002
51.900021
47.400017
45.300022
40.500011
41.099995
38.699986
29.099976
21.599995
21.599995
21.599995
23.699986
35.099998
37.200012
46.500000
55.799984
65.099983
65.099983
65.099983
50.399998
35.700027
26.400021
17.099985
4.800003
1.800001
7.199999
12.600002
12.600002
12.600002
6.300001
0.000000
0.000000
0.000000
0.000000
0.000000
0.000000
0.000000
0.000000
0.000000
0.000000
0.000000
0.000000
0.000000
0.000000
0.000000
0.000000
0.000000
0.000000
0.000000
0.000000
0.000000
0.000000
2.700000
16.199999
38.099991
54.900024
68.100021
75.300011
77.399979
81.600021
83.100014
74.400002
64.499992
47.099998
35.400002
30.299995
30.599995
26.400005
30.599981
21.899984
19.799990
15.300004
10.800004
0.000000
0.000000
0.000000
0.000000
0.000000
0.000000
0.000000
0.000000
0.000000
6.300001
18.899996
25.200005
31.500000
37.799992
44.099995
44.099995
44.099995
37.799992
31.500000
25.200005
18.899996
6.300001
0.000000
4.500000
9.000000
15.599999
25.199989
37.199997
39.300018
46.800018
42.300007
47.400002
42.599987
43.199959
36.299988
28.800007
28.800007
28.800007
28.800007
40.199982
42.300014
44.400017
46.500000
65.099983
74.400024
74.400024
63.600052
54.300011
30.299976
15.599999
12.599967
9.600006
2.700000
14.399998
14.399998
25.200005
18.899996
12.600002
6.300001
0.000000
0.000000
0.000000
0.000000
0.000000
0.000000
0.000000
0.000000
0.000000
0.000000
0.000000
0.000000
0.000000
0.000000
0.000000
0.000000
0.000000
0.000000
0.000000
0.000000
0.000000
2.700000
13.500006
27.299994
38.399975
46.200008
56.400021
61.500034
60.900036
56.999992
53.400024
47.100014
42.299995
35.699993
35.100006
30.899992
28.799997
26.700003
24.599995
18.000000
13.499998
4.500000
0.000000
0.000000
0.000000
0.000000
0.000000
0.000000
0.000000
0.000000
0.000000
6.300001
12.600002
18.899996
25.200005
31.500000
31.500000
37.799992
31.500000
31.500000
25.200005
18.899996
12.600002
6.300001
0.000000
9.000000
13.499998
18.000000
22.500000
24.599995
32.099976
32.099976
39.299976
41.999989
42.599976
37.799995
36.000000
36.000000
43.199989
36.000000
36.000000
47.399971
49.500019
51.600025
62.999985
65.099983
74.400024
82.949921
63.600052
43.499969
34.199970
16.499996
13.499973
10.500011
3.600001
9.899992
20.699993
26.100014
25.200005
18.899996
12.600002
6.300001
0.000000
0.000000
0.000000
0.000000
0.000000
0.000000
0.000000
0.000000
0.000000
0.000000
0.000000
0.000000
0.000000
0.000000
0.000000
0.000000
0.000000
0.000000
0.000000
0.000000
0.000000
2.700000
10.800004
16.500006
24.600000
32.400002
37.799984
34.799999
31.199999
29.700003
28.500000
24.900003
30.899992
33.299988
31.199999
33.599998
29.099991
26.999996
22.500000
13.499998
9.000000
4.500000
0.000000
0.000000
0.000000
0.000000
0.000000
0.000000
0.000000
0.000000
0.000000
6.300001
12.600002
18.899996
25.200005
25.200005
25.200005
25.200005
25.200005
18.899996
12.600002
6.300001
0.000000
4.500000
9.000000
13.499998
22.500000
26.999996
26.999996
31.500004
26.999996
34.199997
44.099995
42.300022
44.999977
47.699978
50.399990
50.399990
50.399990
43.199989
54.599953
56.700047
58.800018
53.700001
65.099983
68.999969
63.600052
58.199997
43.499969
14.100012
17.399994
9.000021
11.400033
-0.899996
16.199978
27.899977
27.000002
26.100014
25.200005
18.899996
12.600002
0.000000
0.000000
0.000000
0.000000
0.000000
0.000000
0.000000
0.000000
0.000000
0.000000
0.000000
0.000000
0.000000
0.000000
0.000000
0.000000
0.000000
0.000000
0.000000
0.000000
0.000000
0.000000
0.000000
2.700000
10.800004
13.800006
13.800006
15.900007
13.200006
9.600003
13.200003
22.199989
24.599995
29.099991
38.099995
36.000000
36.000000
26.999996
22.500000
18.000000
9.000000
4.500000
0.000000
0.000000
0.000000
0.000000
0.000000
0.000000
0.000000
0.000000
0.000000
0.000000
6.300001
12.600002
18.899996
18.899996
18.899996
18.899996
18.899996
12.600002
6.300001
0.000000
0.000000
4.500000
13.499998
18.000000
22.500000
26.999996
36.000000
36.000000
36.000000
41.399994
44.099995
46.800018
49.500023
54.899979
57.600014
57.600014
57.600014
50.399990
45.299976
56.700047
58.800018
60.900002
55.799984
59.699986
54.300011
43.499969
28.799984
20.399998
6.599973
9.899998
-2.399998
5.400000
17.099995
28.799995
33.300022
32.400005
31.500000
25.200005
12.600002
6.300001
0.000000
0.000000
0.000000
0.000000
0.000000
0.000000
0.000000
0.000000
0.000000
0.000000
0.000000
0.000000
0.000000
0.000000
0.000000
0.000000
0.000000
0.000000
0.000000
0.000000
0.000000
0.000000
0.000000
0.000000
0.000000
0.000000
0.000000
0.000000
4.500000
13.499998
18.000000
22.500000
31.500004
36.000000
42.749996
36.000000
31.500004
22.500000
18.000000
13.499998
4.500000
0.000000
0.000000
0.000000
0.000000
0.000000
0.000000
0.000000
0.000000
0.000000
0.000000
0.000000
6.300001
6.300001
12.600002
12.600002
12.600002
6.300001
6.300001
0.000000
0.000000
0.000000
4.500000
13.499998
18.000000
22.500000
31.500004
36.000000
42.749996
36.000000
45.899998
44.099995
46.800018
56.700012
54.899979
57.600014
68.399986
57.600014
50.399990
52.499966
47.399971
49.500019
51.600025
46.500000
41.100014
45.000011
29.699986
24.299999
15.300014
6.899961
2.100036
2.400002
11.099998
23.400009
38.249973
39.600037
38.700008
31.500000
25.200005
12.600002
6.300001
0.000000
0.000000
0.000000
0.000000
0.000000
0.000000
0.000000
0.000000
0.000000
0.000000
0.000000
0.000000
0.000000
0.000000
0.000000
0.000000
0.000000
0.000000
0.000000
0.000000
0.000000
0.000000
0.000000
0.000000
0.000000
0.000000
0.000000
0.000000
4.500000
9.000000
18.000000
22.500000
26.999996
36.000000
36.000000
36.000000
26.999996
22.500000
18.000000
9.000000
4.500000
0.000000
0.000000
0.000000
0.000000
0.000000
0.000000
0.000000
0.000000
0.000000
0.000000
0.000000
0.000000
0.000000
0.000000
0.000000
0.000000
0.000000
0.000000
0.000000
0.000000
0.000000
12.000005
20.999996
36.300011
40.799999
51.299992
52.800014
55.500023
44.700005
50.099998
46.799995
49.500019
49.500023
54.899979
57.600014
57.600014
57.600014
50.399990
43.200001
45.299988
54.599957
56.700054
51.600025
39.000031
38.400051
25.200005
24.600018
16.200005
2.399971
5.699987
2.699994
15.000003
21.899990
28.799995
33.300022
32.400005
31.500000
25.200005
12.600002
6.300001
0.000000
0.000000
0.000000
0.000000
0.000000
0.000000
0.000000
0.000000
0.000000
0.000000
0.000000
0.000000
0.000000
0.000000
0.000000
0.000000
0.000000
0.000000
0.000000
0.000000
0.000000
0.000000
0.000000
0.000000
0.000000
0.000000
0.000000
0.000000
4.500000
9.000000
13.499998
22.500000
32.099995
32.099995
36.599998
32.099995
32.099995
22.500000
13.499998
9.000000
4.500000
0.000000
0.000000
0.000000
0.000000
0.000000
1.800000
4.200000
8.400002
8.400002
8.400002
6.600001
4.200000
0.000000
0.000000
0.000000
0.000000
0.000000
0.000000
0.000000
0.000000
7.500002
19.499996
34.799984
42.600014
57.599983
64.799965
67.500000
64.499977
52.499985
48.899971
55.499992
47.700031
47.699978
47.699978
50.399990
50.399990
50.399990
50.399990
52.800003
52.800007
57.299999
52.199932
54.300034
51.300030
43.500072
33.299995
25.500008
5.400003
8.699965
0.300005
12.000028
13.500010
25.799976
32.699963
27.000002
26.100014
25.200005
18.899996
12.600002
0.000000
0.000000
0.000000
0.000000
0.000000
0.000000
0.000000
0.000000
0.000000
0.000000
0.000000
0.000000
0.000000
0.000000
0.000000
0.000000
0.000000
0.000000
0.000000
0.000000
0.000000
0.000000
0.000000
0.000000
0.000000
0.000000
0.000000
0.000000
0.000000
0.000000
4.500000
18.599997
23.100002
32.700001
32.700001
37.799995
32.700001
32.700001
23.100002
18.599997
4.500000
0.000000
0.000000
0.000000
0.000000
1.800000
4.200000
10.200003
12.600002
18.600000
19.199999
21.000004
15.000004
12.600002
6.600001
4.200000
0.000000
0.000000
0.000000
0.000000
0.000000
7.500002
15.000004
25.799986
45.599976
56.100037
66.600006
73.800034
76.500023
69.000008
61.500019
57.899986
49.800018
46.500015
43.199986
38.700001
36.000000
43.199989
43.200001
52.800003
57.300011
59.700043
54.599964
56.699959
54.299965
66.299934
56.099976
43.799995
18.899963
11.699966
8.099979
9.599995
15.900017
22.800003
24.299984
30.300020
30.900013
25.200005
18.899996
12.600002
6.300001
0.000000
0.000000
0.000000
0.000000
0.000000
0.000000
0.000000
0.000000
0.000000
0.000000
0.000000
0.000000
0.000000
0.000000
0.000000
0.000000
0.000000
0.000000
0.000000
0.000000
0.000000
0.000000
0.000000
0.000000
0.000000
0.000000
0.000000
0.000000
0.000000
0.000000
9.600003
19.200006
28.799992
28.799992
38.400013
38.400013
38.400013
28.799992
28.799992
19.200006
9.600003
0.000000
0.000000
0.000000
1.800000
6.000000
14.399998
20.999994
27.000000
29.400007
33.600010
31.800003
29.399994
23.399998
19.199997
10.800001
4.200000
0.000000
0.000000
0.000000
7.500002
15.000004
25.799986
36.599998
54.599998
65.099976
83.100021
78.300026
88.799942
77.999977
73.199966
55.200035
51.600002
40.799988
37.499981
34.200008
31.500008
36.000011
45.600021
57.300011
61.800037
66.299980
59.099998
59.100006
56.700005
66.300041
59.400013
41.700020
34.800018
24.599989
11.999992
18.299973
19.799961
26.700001
33.600044
28.800026
30.000008
18.899996
12.600002
6.300001
0.000000
0.000000
0.000000
0.000000
0.000000
0.000000
0.000000
0.000000
0.000000
0.000000
0.000000
0.000000
0.000000
0.000000
0.000000
0.000000
0.000000
0.000000
0.000000
0.000000
0.000000
0.000000
0.000000
0.000000
0.000000
0.000000
0.000000
0.000000
0.000000
0.000000
0.000000
5.100000
19.799988
24.899990
34.499996
34.499996
39.000008
34.499996
34.499996
24.899990
19.799988
5.100000
0.000000
0.000000
0.000000
1.800000
7.800000
18.600000
31.200003
37.799999
42.000000
42.000000
42.000000
40.200005
36.000011
25.799992
15.000000
4.200000
0.000000
0.000000
0.000000
7.500002
22.499994
33.299999
47.400017
60.899990
81.600044
92.099945
98.099953
97.800026
92.999992
82.200012
66.899956
45.899975
35.099972
28.500008
29.699991
24.299994
31.199995
50.100021
61.800037
66.299980
70.800064
70.799973
73.199966
80.399948
78.000015
71.100006
64.199997
56.699986
37.200039
27.600014
27.600014
29.100004
25.800001
26.400023
27.000006
22.200008
12.600002
6.300001
0.000000
0.000000
0.000000
0.000000
0.000000
0.000000
0.000000
0.000000
0.000000
0.000000
0.000000
0.000000
0.000000
0.000000
0.000000
0.000000
0.000000
0.000000
0.000000
0.000000
0.000000
0.000000
0.000000
0.000000
0.000000
0.000000
0.000000
0.000000
0.000000
0.000000
0.000000
5.100000
10.200001
15.299997
25.500000
35.099983
35.099983
40.199989
35.099983
35.099983
25.500000
15.299997
10.200001
5.100000
0.000000
1.800000
6.000000
14.399998
24.599997
35.399994
46.199989
52.199982
52.799988
54.599995
48.599991
42.600006
31.799999
19.199997
10.800001
4.200000
0.000000
0.000000
15.000004
22.499994
36.599998
47.400017
71.099976
84.600029
93.899971
104.400078
102.300034
90.000076
79.200050
65.100006
47.100002
23.400000
24.599981
15.300005
19.800007
33.300003
47.399956
51.900005
63.599987
75.299988
84.900002
87.000023
94.499977
89.700012
75.599983
73.500031
66.599968
51.900024
40.200008
33.000015
28.200016
23.400009
25.499985
20.699987
15.900004
0.000000
0.000000
0.000000
0.000000
0.000000
0.000000
0.000000
0.000000
0.000000
0.000000
0.000000
0.000000
0.000000
0.000000
0.000000
0.000000
0.000000
0.000000
0.000000
0.000000
0.000000
0.000000
0.000000
0.000000
0.000000
0.000000
0.000000
0.000000
0.000000
0.000000
0.000000
0.000000
0.000000
5.100000
10.200001
20.400002
25.500000
30.599995
40.800003
40.800003
40.800003
30.599995
25.500000
20.400002
10.200001
5.100000
0.000000
1.800000
6.000000
16.199999
27.000000
39.599995
49.800003
58.800014
67.200020
63.600006
56.999992
44.400002
34.200001
23.399998
10.800001
4.200000
0.000000
0.000000
15.000004
22.499994
36.599998
54.900005
71.099976
87.900055
105.149940
102.600060
102.749962
93.000015
78.749977
63.900002
47.100002
26.099997
17.400000
8.100000
5.400000
21.300001
35.099995
46.800018
65.699989
79.800003
91.500015
102.299988
101.099991
94.200027
84.899940
70.800018
68.699974
59.700016
38.400002
38.400002
33.600002
24.000000
19.200001
14.399998
9.600000
0.000000
0.000000
0.000000
0.000000
0.000000
0.000000
0.000000
0.000000
0.000000
0.000000
0.000000
0.000000
0.000000
0.000000
0.000000
0.000000
0.000000
0.000000
0.000000
0.000000
0.000000
0.000000
0.000000
0.000000
0.000000
0.000000
0.000000
0.000000
0.000000
0.000000
0.000000
0.000000
0.000000
5.100000
15.299997
20.400002
25.500000
35.700001
40.800003
48.449993
40.800003
35.700001
25.500000
20.400002
15.299997
5.100000
0.000000
1.800000
7.800000
18.600000
31.200003
41.399994
52.200008
65.700005
70.799995
71.700005
59.399986
48.600006
36.000011
25.799992
15.000000
11.100004
6.900002
13.800003
28.800013
36.299988
43.499981
54.299999
71.099976
84.600029
93.899971
99.900032
97.799988
85.500031
74.700005
60.600006
47.100002
23.400000
17.400000
8.100000
5.400000
23.400009
35.099995
46.800018
60.899994
81.899971
93.600037
97.200012
98.400085
96.299995
80.099953
70.800018
63.899982
56.999992
33.600002
33.600002
28.799995
24.000000
19.200001
14.399998
4.800000
0.000000
0.000000
0.000000
0.000000
0.000000
0.000000
0.000000
0.000000
0.000000
0.000000
0.000000
0.000000
0.000000
0.000000
0.000000
0.000000
0.000000
0.000000
0.000000
0.000000
0.000000
0.000000
0.000000
0.000000
0.000000
0.000000
0.000000
0.000000
0.000000
0.000000
0.000000
0.000000
0.000000
5.100000
10.200001
20.400002
25.500000
30.599995
40.800003
40.800003
40.800003
30.599995
25.500000
20.400002
24.899982
22.199991
19.499998
23.399988
27.599976
23.099981
31.499989
41.699989
49.800003
58.800014
67.200020
63.600006
56.999992
44.400002
34.200001
23.399998
17.700001
18.000006
20.699995
20.699995
28.199993
43.200008
54.000034
61.199982
67.800018
77.099998
83.099968
89.099976
84.300003
79.499969
68.699989
57.899979
36.899998
28.499987
19.199991
18.300007
12.900002
26.400007
40.200005
51.900021
60.599995
74.699966
86.400009
89.549988
91.200058
84.299942
75.000015
66.000023
59.099995
40.200005
28.799995
24.000000
24.000000
19.200001
14.399998
9.600000
4.800000
0.000000
0.000000
0.000000
0.000000
0.000000
0.000000
0.000000
0.000000
0.000000
0.000000
0.000000
0.000000
0.000000
0.000000
0.000000
0.000000
0.000000
0.000000
0.000000
0.000000
0.000000
0.000000
0.000000
0.000000
0.000000
0.000000
0.000000
0.000000
0.000000
0.000000
0.000000
0.000000
0.000000
5.100000
10.200001
15.299997
25.500000
30.599995
30.599995
35.700001
30.599995
30.599995
40.199963
47.099968
46.799976
60.899990
60.299999
64.500031
56.100040
62.099991
55.199947
46.799965
52.799973
54.299976
52.799988
54.599995
48.599991
42.600006
31.799999
26.099979
24.600010
24.899994
27.600006
27.600006
35.100010
42.600021
53.400002
57.300034
63.899975
62.999977
69.599998
64.800003
70.799988
60.000008
55.199986
41.700012
35.999985
27.600006
26.699993
20.699995
17.999996
29.099977
43.200024
49.800003
56.400009
65.099983
69.599998
76.799988
69.599998
69.900032
60.899982
54.000031
47.100010
33.000015
19.200001
19.200001
19.200001
14.399998
9.600000
4.800000
0.000000
0.000000
0.000000
0.000000
0.000000
0.000000
0.000000
0.000000
0.000000
0.000000
0.000000
0.000000
0.000000
0.000000
0.000000
0.000000
0.000000
0.000000
0.000000
0.000000
0.000000
0.000000
0.000000
0.000000
0.000000
0.000000
0.000000
0.000000
0.000000
0.000000
0.000000
0.000000
0.000000
0.000000
0.000000
5.100000
15.299997
20.400002
25.500000
25.500000
25.500000
25.500000
40.199963
52.199959
66.600052
63.300014
77.400040
81.900040
84.300003
73.500000
77.100006
70.799980
64.199974
51.299992
48.599983
44.099995
42.000000
40.200005
36.000011
32.699974
28.800009
24.899994
27.600006
34.500000
34.500000
41.399990
42.000000
49.500004
53.400002
57.300034
56.399979
55.499985
51.300030
54.000023
46.500008
39.000019
33.299992
27.600006
26.699993
25.800005
23.100002
20.400002
24.899990
38.699997
45.300018
51.899998
58.500004
55.499996
57.899990
55.499996
53.400002
46.499989
39.599987
32.699997
18.899996
14.399998
14.399998
14.399998
9.600000
4.800000
0.000000
0.000000
0.000000
0.000000
0.000000
0.000000
0.000000
0.000000
0.000000
0.000000
0.000000
0.000000
0.000000
0.000000
0.000000
0.000000
0.000000
0.000000
0.000000
0.000000
0.000000
0.000000
0.000000
0.000000
0.000000
0.000000
0.000000
0.000000
0.000000
0.000000
0.000000
0.000000
0.000000
0.000000
0.000000
0.000000
5.100000
10.200001
15.299997
15.299997
20.400002
20.400002
20.400002
44.699974
64.200027
81.000015
99.599976
101.399986
105.899979
108.000000
109.800003
99.300026
90.600029
77.699966
47.400021
42.600006
39.899998
33.900009
31.499994
25.499998
26.099979
31.499992
31.800009
34.500000
41.399990
48.299992
48.299992
48.299992
48.899990
49.500004
53.400002
49.800026
41.999966
37.799976
40.500004
33.000000
30.599981
24.900003
26.699993
25.800005
28.200001
25.500000
30.599995
27.599995
32.099995
38.699997
45.300018
51.899998
46.799999
43.799995
41.700001
41.700001
30.000006
23.099989
11.400002
11.700002
9.600000
9.600000
4.800000
4.800000
0.000000
0.000000
0.000000
0.000000
0.000000
0.000000
0.000000
0.000000
0.000000
0.000000
0.000000
0.000000
0.000000
0.000000
0.000000
0.000000
0.000000
0.000000
0.000000
0.000000
0.000000
0.000000
0.000000
0.000000
0.000000
0.000000
0.000000
0.000000
0.000000
0.000000
0.000000
0.000000
0.000000
0.000000
0.000000
0.000000
0.000000
0.000000
5.100000
5.100000
10.200001
10.200001
15.299997
24.899982
44.399982
58.799995
95.100044
114.000046
123.300079
142.199997
132.000046
132.000046
118.800041
87.300056
73.500023
51.899982
36.300007
29.999998
29.399996
19.200001
16.800003
22.500011
26.999994
27.600006
34.500000
48.299992
55.200012
55.200012
55.200012
48.299992
42.000000
35.100010
39.000004
32.100006
24.300001
16.800005
19.500010
13.800003
23.999994
23.100002
28.200001
30.599995
35.700001
35.700001
35.700001
32.699989
32.099995
38.699997
38.099983
35.100010
30.000006
30.000006
22.800003
18.300001
6.599999
2.100000
0.000000
0.000000
0.000000
0.000000
0.000000
0.000000
0.000000
0.000000
0.000000
0.000000
0.000000
0.000000
0.000000
0.000000
0.000000
0.000000
0.000000
0.000000
0.000000
0.000000
0.000000
0.000000
0.000000
0.000000
0.000000
0.000000
0.000000
0.000000
0.000000
0.000000
0.000000
0.000000
0.000000
0.000000
0.000000
0.000000
0.000000
0.000000
0.000000
0.000000
0.000000
0.000000
0.000000
0.000000
0.000000
5.100000
5.100000
7.500002
24.600000
60.899990
80.100121
104.100067
127.800064
161.700150
166.500107
171.000031
143.400009
123.900047
104.100060
84.300049
52.499989
32.700005
25.499994
18.899998
15.000004
10.500003
20.100008
24.899994
29.700006
41.399990
48.299992
55.200012
65.549988
55.200012
48.299992
41.399990
27.600006
20.699995
13.800003
0.000000
0.000000
0.000000
10.200001
15.299997
20.400002
25.500000
35.700001
40.800003
40.800003
40.800003
35.700001
27.599995
26.999998
23.999990
21.300001
11.099998
11.099998
8.700000
6.599999
2.100000
0.000000
0.000000
0.000000
0.000000
0.000000
0.000000
0.000000
0.000000
0.000000
0.000000
0.000000
0.000000
0.000000
0.000000
0.000000
0.000000
0.000000
0.000000
0.000000
0.000000
0.000000
0.000000
0.000000
0.000000
0.000000
0.000000
0.000000
0.000000
0.000000
0.000000
0.000000
0.000000
0.000000
0.000000
0.000000
0.000000
0.000000
0.000000
0.000000
0.000000
0.000000
0.000000
0.000000
0.000000
0.000000
0.000000
0.000000
2.400000
9.300002
30.900009
62.699993
91.500061
115.500008
153.899796
171.000092
202.350021
183.600159
164.099976
129.449997
106.500023
86.700020
50.399990
28.500004
19.199999
12.600001
10.500000
10.500000
22.200008
26.999992
29.700006
34.500000
48.299992
55.200012
55.200012
55.200012
48.299992
34.500000
27.600006
20.699995
13.800003
0.000000
0.000000
0.000000
10.200001
15.299997
20.400002
30.599995
35.700001
40.800003
48.449993
40.800003
35.700001
30.599995
22.499996
17.399994
14.400003
4.200000
4.200000
2.100000
2.100000
0.000000
0.000000
0.000000
0.000000
0.000000
0.000000
0.000000
0.000000
0.000000
0.000000
0.000000
0.000000
0.000000
0.000000
0.000000
0.000000
0.000000
0.000000
0.000000
0.000000
0.000000
0.000000
0.000000
0.000000
0.000000
0.000000
0.000000
0.000000
0.000000
0.000000
0.000000
0.000000
0.000000
0.000000
0.000000
0.000000
0.000000
0.000000
0.000000
0.000000
0.000000
0.000000
0.000000
0.000000
0.000000
0.000000
0.000000
0.000000
9.300002
16.200005
37.800018
72.000023
98.400017
122.399963
146.099960
177.899963
184.799942
184.800049
152.700104
126.000046
106.200066
84.600052
52.499985
33.000000
23.699995
19.199995
15.000001
18.900002
21.299988
30.899990
35.700008
40.500000
41.399990
48.299992
48.299992
48.299992
41.399990
34.500000
27.600006
20.699995
6.900002
0.000000
0.000000
0.000000
10.200001
15.299997
20.400002
25.500000
35.700001
40.800003
40.800003
40.800003
35.700001
25.500000
20.400002
15.299997
10.200001
0.000000
0.000000
0.000000
0.000000
0.000000
0.000000
0.000000
0.000000
0.000000
0.000000
0.000000
0.000000
0.000000
0.000000
0.000000
0.000000
0.000000
0.000000
0.000000
0.000000
0.000000
0.000000
0.000000
0.000000
0.000000
0.000000
0.000000
0.000000
0.000000
0.000000
0.000000
0.000000
0.000000
0.000000
0.000000
0.000000
0.000000
0.000000
0.000000
0.000000
0.000000
0.000000
0.000000
0.000000
0.000000
0.000000
0.000000
0.000000
0.000000
0.000000
0.000000
2.400000
13.800003
20.699995
44.700016
68.699997
88.199989
126.900009
148.500046
157.800079
172.199951
152.699905
145.800186
121.500061
87.300056
72.000015
50.099987
30.899994
28.199995
29.999990
25.499998
25.199999
27.599983
36.299999
32.699993
37.500011
38.400002
38.400002
41.399990
34.500000
34.500000
27.600006
20.699995
13.800003
6.900002
0.000000
0.000000
5.700001
14.100006
29.999998
38.400017
43.500008
42.899994
44.699997
38.999996
35.700001
30.599995
25.500000
20.400002
15.299997
5.100000
0.000000
0.000000
0.000000
0.000000
0.000000
0.000000
0.000000
0.000000
0.000000
0.000000
0.000000
0.000000
0.000000
0.000000
0.000000
0.000000
0.000000
0.000000
0.000000
0.000000
0.000000
0.000000
0.000000
0.000000
0.000000
0.000000
0.000000
0.000000
0.000000
0.000000
0.000000
0.000000
0.000000
0.000000
0.000000
0.000000
0.000000
0.000000
0.000000
0.000000
0.000000
0.000000
0.000000
0.000000
0.000000
0.000000
0.000000
0.000000
0.000000
0.000000
0.000000
6.900002
16.200005
23.099995
34.500000
70.800011
95.100052
121.500015
140.700027
142.800049
140.399979
131.099976
124.199989
102.300095
84.900032
69.900002
38.100006
33.000004
34.499989
37.349998
38.100002
33.599998
33.299995
35.699989
38.099979
34.499996
39.300011
35.400009
31.500008
27.600006
27.600006
20.699995
13.800003
6.900002
0.000000
0.000000
5.700001
14.700004
32.099979
40.499962
48.900017
54.000004
59.099991
50.099991
46.199993
28.799999
25.500000
20.400002
15.299997
10.200001
5.100000
0.000000
0.000000
0.000000
0.000000
0.000000
0.000000
0.000000
0.000000
0.000000
0.000000
0.000000
0.000000
0.000000
0.000000
0.000000
0.000000
0.000000
0.000000
0.000000
0.000000
0.000000
0.000000
0.000000
0.000000
0.000000
0.000000
0.000000
0.000000
0.000000
0.000000
0.000000
0.000000
0.000000
0.000000
0.000000
0.000000
0.000000
0.000000
0.000000
0.000000
0.000000
0.000000
0.000000
0.000000
0.000000
0.000000
0.000000
0.000000
0.000000
0.000000
0.000000
6.900002
20.699995
27.600006
34.500000
58.500000
87.000038
110.100006
113.400040
121.200073
116.400040
111.899933
92.400040
78.300087
58.800034
48.599979
33.599995
31.199993
34.799992
40.500004
44.400005
44.099995
39.600006
35.100002
32.999981
35.399994
36.299999
32.399990
24.599993
20.699995
20.699995
13.800003
6.900002
0.000000
0.000000
5.700001
14.700004
26.999992
39.299984
51.000015
56.100002
61.200054
66.300034
60.600033
48.300014
36.000015
23.700003
15.299997
10.200001
5.100000
0.000000
0.000000
0.000000
0.000000
0.000000
0.000000
0.000000
0.000000
0.000000
0.000000
0.000000
0.000000
0.000000
0.000000
0.000000
0.000000
0.000000
0.000000
0.000000
0.000000
0.000000
0.000000
0.000000
0.000000
0.000000
0.000000
0.000000
0.000000
0.000000
0.000000
0.000000
0.000000
0.000000
0.000000
0.000000
0.000000
0.000000
0.000000
0.000000
0.000000
0.000000
0.000000
0.000000
0.000000
0.000000
0.000000
0.000000
0.000000
0.000000
0.000000
0.000000
0.000000
6.900002
20.699995
27.600006
34.500000
45.899994
69.900024
93.750000
91.800034
101.699966
94.800003
90.299957
70.800079
59.100002
39.599998
24.900005
29.099997
32.999989
34.799992
43.199993
46.499989
50.399986
45.899998
40.800014
32.400002
34.799969
26.399982
25.500008
21.600008
17.700005
6.900002
6.900002
0.000000
0.000000
5.700001
14.700004
26.999992
39.299984
51.600025
58.200008
69.000053
71.699974
73.500031
67.800034
55.500046
43.200020
30.900000
13.500003
5.100000
0.000000
0.000000
0.000000
0.000000
0.000000
0.000000
0.000000
0.000000
0.000000
0.000000
0.000000
0.000000
0.000000
0.000000
0.000000
0.000000
0.000000
0.000000
0.000000
0.000000
0.000000
0.000000
0.000000
0.000000
0.000000
0.000000
0.000000
0.000000
0.000000
0.000000
0.000000
0.000000
0.000000
0.000000
0.000000
0.000000
0.000000
0.000000
0.000000
0.000000
0.000000
0.000000
0.000000
0.000000
0.000000
0.000000
0.000000
0.000000
0.000000
0.000000
0.000000
0.000000
0.000000
6.900002
18.299995
25.200005
34.500000
41.399990
50.400009
52.800011
65.100021
58.499989
54.000000
46.799999
39.900005
16.200006
11.400003
17.999992
20.400002
28.799999
37.499996
45.299999
49.200001
48.299992
51.600002
47.100014
38.099983
25.799992
19.500000
15.599998
7.799999
3.900000
0.000000
0.000000
0.000000
0.000000
5.700001
23.699980
39.299984
51.600025
63.900002
76.199989
79.499985
87.900063
78.900024
74.999962
62.699986
50.399994
27.299988
11.700005
0.000000
0.000000
0.000000
0.000000
0.000000
0.000000
0.000000
0.000000
0.000000
0.000000
0.000000
0.000000
0.000000
0.000000
0.000000
0.000000
0.000000
0.000000
0.000000
0.000000
0.000000
0.000000
0.000000
0.000000
0.000000
0.000000
0.000000
0.000000
0.000000
0.000000
0.000000
0.000000
0.000000
0.000000
0.000000
0.000000
0.000000
0.000000
0.000000
0.000000
0.000000
0.000000
0.000000
0.000000
0.000000
0.000000
0.000000
0.000000
0.000000
0.000000
0.000000
0.000000
0.000000
0.000000
4.500000
13.800003
20.699995
32.099998
38.999992
38.999992
43.499996
38.999992
38.999992
32.099998
20.699995
13.800003
6.900002
9.300001
13.800002
18.299997
26.999998
39.299999
46.800003
47.100006
50.400005
49.500008
42.450016
32.100025
21.300018
11.100005
7.199993
11.699999
3.900000
0.000000
0.000000
0.000000
0.000000
11.400002
26.999992
42.600018
54.900017
72.899994
88.500023
95.100006
95.100006
89.399994
71.399994
55.800003
43.500011
31.199993
9.900002
0.000000
0.000000
0.000000
0.000000
0.000000
0.000000
0.000000
0.000000
0.000000
0.000000
0.000000
0.000000
0.000000
0.000000
0.000000
0.000000
0.000000
0.000000
0.000000
0.000000
0.000000
0.000000
0.000000
0.000000
0.000000
0.000000
0.000000
0.000000
0.000000
0.000000
0.000000
0.000000
0.000000
0.000000
0.000000
0.000000
0.000000
0.000000
0.000000
0.000000
0.000000
0.000000
0.000000
0.000000
0.000000
0.000000
0.000000
0.000000
0.000000
0.000000
0.000000
0.000000
0.000000
0.000000
0.000000
11.400002
18.299995
25.200005
29.700001
32.099998
32.099998
32.099998
29.700001
25.200005
18.299995
11.400002
2.400000
4.800000
11.700001
14.100001
22.500002
31.199999
41.100010
42.899990
33.600002
28.500023
26.100021
10.799992
0.599998
-5.699996
-1.200005
-9.000000
-4.500000
0.000000
0.000000
0.000000
0.000000
11.400002
30.300005
42.600018
60.600010
76.199989
91.799973
106.950020
103.350006
92.700027
80.399963
59.099995
43.500011
31.199993
13.200003
0.000000
0.000000
0.000000
0.000000
0.000000
0.000000
0.000000
0.000000
0.000000
0.000000
0.000000
0.000000
0.000000
0.000000
0.000000
0.000000
0.000000
0.000000
0.000000
0.000000
0.000000
0.000000
0.000000
0.000000
0.000000
0.000000
0.000000
0.000000
0.000000
0.000000
0.000000
0.000000
0.000000
0.000000
0.000000
0.000000
0.000000
0.000000
0.000000
0.000000
0.000000
0.000000
0.000000
0.000000
0.000000
0.000000
0.000000
0.000000
0.000000
0.000000
0.000000
0.000000
0.000000
0.000000
0.000000
4.500000
11.400002
18.299995
18.299995
25.200005
25.200005
25.200005
18.299995
18.299995
11.400002
4.500000
2.400000
4.800000
7.200000
12.000000
20.399994
24.299992
30.599997
27.600010
23.100000
10.200003
9.300011
-5.400005
-7.800013
-14.099998
-13.499998
-17.399998
-12.900002
-8.400002
0.000000
0.000000
0.000000
11.400002
30.300005
42.600018
54.900017
76.200012
91.799973
98.400040
103.350006
92.700027
74.699974
59.099995
43.500011
31.199993
13.200003
0.000000
0.000000
0.000000
0.000000
0.000000
0.000000
0.000000
0.000000
0.000000
0.000000
0.000000
0.000000
0.000000
0.000000
0.000000
0.000000
0.000000
0.000000
0.000000
0.000000
0.000000
0.000000
0.000000
0.000000
0.000000
0.000000
0.000000
0.000000
0.000000
0.000000
0.000000
0.000000
0.000000
0.000000
0.000000
0.000000
0.000000
0.000000
0.000000
0.000000
0.000000
0.000000
0.000000
0.000000
0.000000
0.000000
0.000000
0.000000
0.000000
0.000000
0.000000
0.000000
0.000000
0.000000
0.000000
0.000000
4.500000
9.000000
11.400002
15.899997
15.899997
15.899997
11.400002
9.000000
4.500000
0.000000
0.000000
2.400000
7.200000
9.599999
12.000000
15.900000
23.699999
10.799988
6.300010
-4.500000
-15.300003
-20.100006
-22.500000
-26.400002
-30.300001
-29.700008
-25.199993
-16.800005
0.000000
0.000000
0.000000
5.700001
26.999992
42.600018
54.900017
67.199997
82.799973
89.399994
89.399994
83.699989
71.399979
55.800003
43.500011
25.499994
9.900001
0.000000
0.000000
0.000000
0.000000
0.000000
0.000000
0.000000
0.000000
0.000000
0.000000
0.000000
0.000000
0.000000
0.000000
0.000000
0.000000
0.000000
0.000000
0.000000
0.000000
0.000000
0.000000
0.000000
0.000000
0.000000
0.000000
0.000000
0.000000
0.000000
0.000000
0.000000
0.000000
0.000000
0.000000
0.000000
0.000000
0.000000
0.000000
0.000000
0.000000
0.000000
0.000000
0.000000
0.000000
0.000000
0.000000
0.000000
0.000000
0.000000
0.000000
0.000000
0.000000
0.000000
0.000000
0.000000
0.000000
0.000000
0.000000
4.500000
4.500000
4.500000
4.500000
4.500000
0.000000
0.000000
0.000000
0.000000
2.400000
4.800000
7.200000
7.200000
13.499998
8.999998
4.499993
-6.300001
-19.200005
-29.999994
-32.400002
-47.099995
-38.699993
-42.599991
-38.099998
-25.199993
-16.800005
-8.400002
0.000000
0.000000
5.700001
18.000000
33.599998
45.900009
58.200008
64.799995
73.799980
71.399979
68.099983
59.099995
46.800003
34.500004
22.199999
6.600001
0.000000
0.000000
0.000000
0.000000
0.000000
0.000000
0.000000
0.000000
0.000000
0.000000
0.000000
0.000000
0.000000
0.000000
0.000000
0.000000
0.000000
0.000000
0.000000
0.000000
0.000000
0.000000
0.000000
0.000000
0.000000
0.000000
0.000000
0.000000
0.000000
0.000000
0.000000
0.000000
0.000000
0.000000
0.000000
0.000000
0.000000
0.000000
0.000000
0.000000
0.000000
0.000000
0.000000
0.000000
0.000000
0.000000
0.000000
0.000000
0.000000
0.000000
0.000000
0.000000
0.000000
0.000000
0.000000
0.000000
0.000000
0.000000
0.000000
5.400001
5.400001
5.400001
5.400001
5.400001
0.000000
0.000000
0.000000
0.000000
2.400000
2.400000
4.800000
4.800000
2.699994
-16.499998
-20.999998
-31.799999
-36.299995
-59.400017
-59.400017
-63.300018
-46.499989
-42.000000
-33.600010
-25.199993
-8.400002
0.000000
0.000000
0.000000
9.000003
21.300007
33.599998
45.900009
52.500011
52.500011
55.800003
52.500011
46.800003
34.500004
22.199999
9.900001
3.300000
0.000000
0.000000
0.000000
0.000000
0.000000
0.000000
0.000000
0.000000
0.000000
0.000000
0.000000
0.000000
0.000000
0.000000
0.000000
0.000000
0.000000
0.000000
0.000000
0.000000
0.000000
0.000000
0.000000
0.000000
0.000000
0.000000
0.000000
0.000000
0.000000
0.000000
0.000000
0.000000
0.000000
0.000000
0.000000
0.000000
0.000000
0.000000
0.000000
0.000000
0.000000
0.000000
0.000000
0.000000
0.000000
0.000000
0.000000
0.000000
0.000000
0.000000
0.000000
0.000000
0.000000
0.000000
0.000000
0.000000
0.000000
5.400001
10.800001
10.800001
16.199997
16.199997
16.199997
10.800001
10.800001
5.400001
0.000000
0.000000
0.000000
0.000000
2.400000
2.400000
-6.000001
-20.999996
-17.099991
-24.299997
-41.099995
-49.500004
-63.899979
-63.600018
-58.799984
-42.000000
-33.600010
-25.199993
-8.400002
0.000000
0.000000
0.000000
0.000000
9.000003
21.300007
33.599998
40.200001
40.200001
40.200001
40.200001
34.500004
22.199999
9.900001
3.300000
0.000000
0.000000
0.000000
0.000000
0.000000
0.000000
0.000000
0.000000
0.000000
0.000000
0.000000
0.000000
0.000000
0.000000
0.000000
0.000000
0.000000
0.000000
0.000000
0.000000
0.000000
0.000000
0.000000
0.000000
0.000000
0.000000
0.000000
0.000000
0.000000
0.000000
0.000000
0.000000
0.000000
0.000000
0.000000
0.000000
0.000000
0.000000
0.000000
0.000000
0.000000
0.000000
0.000000
0.000000
0.000000
0.000000
0.000000
0.000000
0.000000
0.000000
0.000000
0.000000
0.000000
0.000000
0.000000
0.000000
0.000000
5.400001
10.800001
16.199997
16.199997
21.600002
21.600002
21.600002
16.199997
16.199997
10.800001
5.400001
0.000000
0.000000
0.000000
0.000000
1.800000
3.600000
-1.199996
-4.200000
-4.200024
-8.999986
-27.599993
-35.999992
-41.399994
-34.799988
-38.400002
-33.600010
-25.199993
-8.400002
0.000000
0.000000
0.000000
0.000000
0.000000
9.000003
15.600007
24.600000
27.900002
27.900002
22.199999
18.900000
9.900001
3.300000
0.000000
0.000000
0.000000
0.000000
0.000000
0.000000
0.000000
0.000000
0.000000
0.000000
0.000000
0.000000
0.000000
0.000000
0.000000
0.000000
0.000000
0.000000
0.000000
0.000000
0.000000
0.000000
0.000000
0.000000
0.000000
0.000000
0.000000
0.000000
0.000000
0.000000
0.000000
0.000000
0.000000
0.000000
0.000000
0.000000
0.000000
0.000000
0.000000
0.000000
0.000000
0.000000
0.000000
0.000000
0.000000
0.000000
0.000000
0.000000
0.000000
0.000000
0.000000
0.000000
0.000000
0.000000
0.000000
0.000000
0.000000
0.000000
10.800001
16.199997
21.600002
27.000000
27.000000
27.000000
27.000000
27.000000
21.600002
16.199997
10.800001
0.000000
0.000000
0.000000
1.800000
12.000005
17.400015
20.999983
18.000004
9.600033
4.800038
3.000042
-13.799995
-10.799986
-21.000000
-26.399994
-21.599997
-16.800005
-8.400002
0.000000
0.000000
0.000000
0.000000
0.000000
0.000000
3.300000
3.300000
6.599999
6.599999
6.599999
3.300000
3.300000
0.000000
0.000000
0.000000
0.000000
0.000000
0.000000
0.000000
0.000000
0.000000
0.000000
0.000000
0.000000
0.000000
0.000000
0.000000
0.000000
0.000000
0.000000
0.000000
0.000000
0.000000
0.000000
0.000000
0.000000
0.000000
0.000000
0.000000
0.000000
0.000000
0.000000
0.000000
0.000000
0.000000
0.000000
0.000000
0.000000
0.000000
0.000000
0.000000
0.000000
0.000000
0.000000
0.000000
0.000000
0.000000
0.000000
0.000000
0.000000
0.000000
0.000000
0.000000
0.000000
0.000000
0.000000
0.000000
0.000000
0.000000
0.000000
5.400001
10.800001
16.199997
27.000000
32.399994
32.399994
37.799999
32.399994
32.399994
27.000000
16.199997
10.800001
5.400001
0.000000
0.000000
3.600000
22.200003
39.599979
36.600071
40.199959
35.399994
27.000000
27.000000
25.200005
15.000019
1.200005
-6.000005
-17.999998
-16.800005
0.000000
0.000000
1.800000
9.000003
9.000003
9.000003
9.000003
7.200002
0.000000
0.000000
0.000000
0.000000
0.000000
0.000000
0.000000
0.000000
0.000000
0.000000
0.000000
0.000000
0.000000
0.000000
6.000001
12.000002
12.000002
15.300004
12.600003
6.599999
6.599999
3.300000
0.000000
0.000000
0.000000
0.000000
0.000000
0.000000
0.000000
0.000000
0.000000
0.000000
0.000000
0.000000
0.000000
0.000000
0.000000
0.000000
0.000000
0.000000
0.000000
0.000000
0.000000
0.000000
0.000000
0.000000
0.000000
0.000000
0.000000
0.000000
0.000000
0.000000
0.000000
0.000000
0.000000
0.000000
0.000000
0.000000
0.000000
0.000000
0.000000
0.000000
0.000000
0.000000
5.400001
16.199997
21.600002
27.000000
32.399994
43.200005
43.200005
43.200005
32.399994
27.000000
21.600002
16.199997
5.400001
0.000000
1.800000
12.000005
25.799994
41.399975
55.200035
62.400024
59.399971
65.999985
52.800011
47.400047
35.400002
21.599976
4.200004
-1.199997
-4.800000
1.800000
10.800003
18.000006
19.800001
26.999992
26.999992
25.199997
18.000006
16.200005
7.200002
0.000000
0.000000
0.000000
0.000000
0.000000
0.000000
0.000000
0.000000
0.000000
0.000000
0.000000
12.000002
17.999996
24.000004
30.600008
33.900005
31.200005
25.200006
13.199999
9.900000
6.599999
0.000000
0.000000
0.000000
0.000000
0.000000
0.000000
0.000000
0.000000
0.000000
0.000000
0.000000
0.000000
0.000000
0.000000
0.000000
0.000000
0.000000
0.000000
0.000000
0.000000
0.000000
0.000000
0.000000
0.000000
0.000000
0.000000
0.000000
0.000000
0.000000
0.000000
0.000000
0.000000
0.000000
0.000000
0.000000
0.000000
0.000000
0.000000
0.000000
0.000000
0.000000
5.400001
16.199997
21.600002
27.000000
37.799999
43.200005
51.299992
43.200005
37.799999
27.000000
21.600002
16.199997
5.400001
0.000000
1.800000
13.800000
35.999989
53.400028
67.199997
74.399910
86.400108
93.600090
81.600014
62.999962
45.599968
40.200062
24.600016
10.800003
5.400001
10.800003
19.800001
26.999992
28.799999
36.000011
36.000011
34.200008
26.999992
25.199997
16.200005
7.200002
0.000000
0.000000
0.000000
0.000000
0.000000
0.000000
0.000000
0.000000
0.000000
6.000001
17.999996
24.000004
33.299992
45.900009
43.200008
40.500004
37.799988
22.500000
13.199999
9.900000
3.300000
0.000000
0.000000
0.000000
0.000000
0.000000
0.000000
0.000000
0.000000
0.000000
0.000000
0.000000
0.000000
0.000000
0.000000
0.000000
0.000000
0.000000
0.000000
0.000000
0.000000
0.000000
0.000000
0.000000
0.000000
0.000000
0.000000
0.000000
0.000000
0.000000
0.000000
0.000000
0.000000
0.000000
0.000000
0.000000
0.000000
0.000000
0.000000
0.000000
0.000000
5.400001
16.199997
21.600002
27.000000
32.399994
43.200005
43.200005
43.200005
32.399994
27.000000
21.600002
16.199997
5.400001
0.000000
1.800000
13.800000
35.999989
53.400028
68.999985
91.199989
109.499992
114.599922
105.599907
88.199921
65.999901
48.600040
41.399998
19.199999
7.199999
19.800001
28.799999
37.800007
45.000000
45.000000
45.000000
45.000000
43.200005
34.200008
25.199997
14.400003
0.000000
0.000000
0.000000
0.000000
0.000000
0.000000
0.000000
0.000000
0.000000
12.000002
24.000004
30.000000
48.599979
61.200016
58.499996
53.099983
50.400013
35.100002
16.500000
13.199999
6.599999
0.000000
0.000000
0.000000
0.000000
0.000000
0.000000
0.000000
0.000000
0.000000
0.000000
0.000000
0.000000
0.000000
0.000000
0.000000
0.000000
0.000000
0.000000
0.000000
0.000000
0.000000
0.000000
0.000000
0.000000
0.000000
0.000000
0.000000
0.000000
0.000000
0.000000
0.000000
0.000000
0.000000
0.000000
0.000000
0.000000
0.000000
0.000000
0.000000
0.000000
5.400001
10.800001
16.199997
27.000000
32.399994
32.399994
37.799999
32.399994
32.399994
27.000000
16.199997
10.800001
5.400001
0.000000
1.800000
13.800000
35.999989
53.400028
67.199997
82.799995
103.200066
110.400047
106.800056
88.200005
70.800011
57.000019
41.399998
20.999994
14.400006
19.800001
30.599995
46.799995
53.999985
55.799980
61.199986
53.999985
52.199989
41.400009
25.199997
16.200005
7.200002
0.000000
0.000000
0.000000
0.000000
0.000000
0.000000
0.000000
0.000000
12.000002
24.000004
35.999992
54.599991
70.199974
67.800011
62.400009
55.349991
38.400002
19.799999
13.199999
6.599999
0.000000
0.000000
0.000000
0.000000
0.000000
0.000000
0.000000
0.000000
0.000000
0.000000
0.000000
0.000000
0.000000
0.000000
0.000000
0.000000
0.000000
0.000000
0.000000
0.000000
0.000000
0.000000
0.000000
0.000000
0.000000
0.000000
0.000000
0.000000
0.000000
0.000000
0.000000
0.000000
0.000000
0.000000
0.000000
0.000000
0.000000
0.000000
0.000000
0.000000
0.000000
10.800001
16.199997
21.600002
27.000000
27.000000
27.000000
27.000000
27.000000
21.600002
16.199997
10.800001
0.000000
0.000000
1.800000
12.000005
25.799994
41.399975
63.600014
79.199982
84.600014
91.200027
86.399963
81.000015
69.000008
46.799995
29.399996
17.400003
16.200003
28.799999
37.800007
46.799995
57.599998
72.000023
72.000023
68.400017
52.199989
43.200005
34.200008
23.399990
7.200002
0.000000
0.000000
0.000000
0.000000
0.000000
0.000000
0.000000
0.000000
12.000002
24.000004
30.000000
48.599979
61.200016
58.499996
53.099983
50.400013
35.100002
16.500000
13.199999
6.599999
0.000000
0.000000
0.000000
0.000000
0.000000
0.000000
0.000000
0.000000
0.000000
0.000000
0.000000
0.000000
0.000000
0.000000
0.000000
0.000000
0.000000
0.000000
0.000000
0.000000
0.000000
0.000000
0.000000
0.000000
0.000000
0.000000
0.000000
0.000000
0.000000
0.000000
0.000000
0.000000
0.000000
0.000000
0.000000
0.000000
0.000000
0.000000
0.000000
0.000000
0.000000
5.400001
10.800001
16.199997
16.199997
21.600002
21.600002
21.600002
16.199997
16.199997
10.800001
5.400001
0.000000
0.000000
0.000000
3.600000
22.200003
39.599979
53.400028
65.400002
69.000000
69.000000
69.000000
67.200005
57.000019
43.200005
27.600000
9.000000
12.599999
28.799999
37.800007
48.599991
64.799995
74.700005
82.799995
70.200005
59.399990
43.200005
34.200008
23.399990
7.200002
0.000000
0.000000
0.000000
0.000000
0.000000
0.000000
0.000000
0.000000
6.000001
17.999996
24.000004
33.299992
45.900009
43.200008
40.500004
37.799988
22.500000
13.199999
9.900000
3.300000
0.000000
0.000000
0.000000
0.000000
0.000000
0.000000
0.000000
0.000000
0.000000
0.000000
0.000000
0.000000
0.000000
0.000000
0.000000
0.000000
0.000000
0.000000
0.000000
0.000000
0.000000
0.000000
0.000000
0.000000
0.000000
0.000000
0.000000
0.000000
0.000000
0.000000
0.000000
0.000000
0.000000
0.000000
0.000000
0.000000
0.000000
0.000000
0.000000
0.000000
0.000000
0.000000
5.400001
10.800001
10.800001
16.199997
16.199997
16.199997
10.800001
10.800001
5.400001
0.000000
0.000000
0.000000
0.000000
1.800000
12.000005
25.799994
37.799976
43.200016
51.600033
55.200024
53.400028
45.000000
39.600006
29.399996
15.600007
5.400001
12.599999
28.799999
37.800007
46.799995
57.599998
72.000023
72.000023
68.400017
52.199989
43.200005
34.200008
23.399990
7.200002
0.000000
0.000000
0.000000
0.000000
0.000000
0.000000
0.000000
0.000000
0.000000
12.000002
17.999996
24.000004
30.600008
33.900005
31.200005
25.200006
13.199999
9.900000
6.599999
0.000000
0.000000
0.000000
0.000000
0.000000
0.000000
0.000000
0.000000
0.000000
0.000000
0.000000
0.000000
0.000000
0.000000
0.000000
0.000000
0.000000
0.000000
0.000000
0.000000
0.000000
0.000000
0.000000
0.000000
0.000000
0.000000
0.000000
0.000000
0.000000
0.000000
0.000000
0.000000
0.000000
0.000000
0.000000
0.000000
0.000000
0.000000
0.000000
0.000000
0.000000
0.000000
0.000000
0.000000
0.000000
5.400001
5.400001
5.400001
5.400001
5.400001
0.000000
0.000000
0.000000
0.000000
0.000000
0.000000
0.000000
1.800000
12.000005
23.999998
40.799980
49.199947
52.799976
50.999977
42.599976
25.800005
15.600007
3.600000
1.800000
10.800003
19.800001
35.099983
51.299984
58.499973
60.299969
65.699997
53.999985
52.199989
41.400009
25.199997
16.200005
7.200002
0.000000
0.000000
0.000000
0.000000
0.000000
0.000000
0.000000
0.000000
0.000000
0.000000
6.000001
12.000002
12.000002
15.300004
12.600003
6.599999
6.599999
3.300000
0.000000
0.000000
0.000000
0.000000
0.000000
0.000000
0.000000
0.000000
0.000000
0.000000
0.000000
0.000000
0.000000
0.000000
0.000000
0.000000
0.000000
0.000000
0.000000
0.000000
0.000000
0.000000
0.000000
0.000000
0.000000
0.000000
0.000000
0.000000
0.000000
0.000000
0.000000
0.000000
0.000000
0.000000
0.000000
0.000000
0.000000
0.000000
0.000000
0.000000
0.000000
0.000000
0.000000
0.000000
0.000000
0.000000
0.000000
0.000000
0.000000
0.000000
0.000000
0.000000
0.000000
0.000000
0.000000
0.000000
0.000000
0.000000
0.000000
11.400004
24.600010
34.500011
49.500023
49.500023
49.500023
36.300007
26.400011
11.400004
0.000000
0.000000
8.100002
28.800007
37.799988
51.300030
58.500023
58.500023
53.999977
53.999977
47.699993
34.200008
25.199997
14.400003
0.000000
0.000000
0.000000
0.000000
0.000000
0.000000
0.000000
0.000000
0.000000
0.000000
0.000000
0.000000
0.000000
0.000000
0.000000
0.000000
0.000000
0.000000
0.000000
0.000000
0.000000
0.000000
0.000000
0.000000
0.000000
0.000000
0.000000
0.000000
0.000000
0.000000
0.000000
0.000000
0.000000
0.000000
0.000000
0.000000
0.000000
0.000000
0.000000
0.000000
0.000000
0.000000
0.000000
0.000000
0.000000
0.000000
0.000000
0.000000
0.000000
0.000000
0.000000
0.000000
0.000000
0.000000
0.000000
0.000000
0.000000
0.000000
0.000000
0.000000
0.000000
0.000000
0.000000
0.000000
0.000000
0.000000
0.000000
0.000000
0.000000
0.000000
0.000000
0.000000
0.000000
0.000000
0.000000
0.000000
0.000000
11.400004
24.300005
37.199986
39.299980
52.200020
55.800011
55.800011
42.899971
40.799976
27.899996
11.400004
4.500000
10.800001
24.299997
33.299999
45.000004
46.800011
54.000023
49.500034
47.700031
35.999985
29.699986
16.200005
7.200002
0.000000
0.000000
0.000000
6.300001
6.300001
6.300001
6.300001
6.300001
0.000000
0.000000
0.000000
0.000000
0.000000
0.000000
0.000000
0.000000
0.000000
0.000000
0.000000
0.000000
0.000000
0.000000
0.000000
0.000000
0.000000
0.000000
0.000000
0.000000
0.000000
0.000000
0.000000
0.000000
0.000000
0.000000
0.000000
0.000000
0.000000
0.000000
0.000000
0.000000
0.000000
0.000000
0.000000
0.000000
0.000000
0.000000
0.000000
0.000000
0.000000
0.000000
0.000000
0.000000
0.000000
0.000000
0.000000
0.000000
0.000000
0.000000
0.000000
0.000000
0.000000
0.000000
0.000000
0.000000
0.000000
0.000000
0.000000
0.000000
0.000000
0.000000
0.000000
0.000000
0.000000
0.000000
0.000000
0.000000
0.000000
24.300005
39.299980
54.300014
69.300034
76.499992
76.499992
80.100029
76.500015
65.100029
46.499962
31.500010
12.600002
13.499998
19.800001
33.300003
40.500008
42.300003
49.499992
49.499992
43.200008
31.500000
25.200010
7.200002
0.000000
0.000000
6.300001
12.600002
12.600002
18.899996
18.899996
18.899996
12.600002
12.600002
6.300001
0.000000
0.000000
0.000000
0.000000
0.000000
0.000000
5.700001
16.200005
21.000008
22.800003
21.000002
14.100003
10.800001
9.000000
5.099999
1.500000
0.000000
0.000000
0.000000
0.000000
0.000000
0.000000
0.000000
0.000000
0.000000
0.000000
0.000000
0.000000
0.000000
0.000000
0.000000
0.000000
0.000000
0.000000
0.000000
0.000000
0.000000
0.000000
0.000000
0.000000
0.000000
0.000000
0.000000
0.000000
0.000000
0.000000
0.000000
0.000000
0.000000
0.000000
0.000000
0.000000
0.000000
0.000000
0.000000
0.000000
0.000000
0.000000
0.000000
0.000000
0.000000
0.000000
0.000000
0.000000
0.000000
0.000000
11.400004
27.900005
42.899990
72.900047
89.399979
95.099983
106.499969
98.699928
96.599960
83.699974
53.700008
43.200027
27.599998
17.099997
22.500000
26.999996
28.799995
40.500000
35.999996
35.999996
31.500004
20.699997
9.000000
4.500000
0.000000
6.300001
12.600002
18.899996
18.899996
25.200005
25.200005
25.200005
18.899996
18.899996
12.600002
6.300001
0.000000
0.000000
0.000000
0.000000
11.400002
26.700003
37.200008
45.600006
51.600014
52.800014
45.900013
31.200008
19.800001
15.899999
8.700000
3.000000
0.000000
0.000000
0.000000
0.000000
0.000000
0.000000
0.000000
0.000000
0.000000
0.000000
0.000000
0.000000
0.000000
0.000000
0.000000
0.000000
0.000000
0.000000
0.000000
0.000000
0.000000
0.000000
0.000000
0.000000
0.000000
0.000000
0.000000
0.000000
0.000000
0.000000
0.000000
0.000000
0.000000
0.000000
8.700003
10.200004
12.000005
12.000005
12.000005
3.300000
1.800000
0.000000
0.000000
0.000000
0.000000
0.000000
0.000000
0.000000
0.000000
12.900005
41.399975
56.400036
80.099960
98.700020
125.100014
130.200027
128.700043
105.900002
90.899979
74.400040
60.299992
37.199978
25.200005
22.500000
26.999996
36.000000
36.000000
36.000000
26.999996
22.500000
18.000000
13.499998
4.500000
0.000000
12.600002
18.899996
25.200005
31.500000
31.500000
31.500000
31.500000
31.500000
25.200005
18.899996
12.600002
0.000000
0.000000
0.000000
5.700001
21.899984
37.200008
49.500008
65.700020
72.300018
68.700012
63.600006
49.199993
31.499996
21.299999
14.099999
6.600000
1.500000
0.000000
0.000000
0.000000
0.000000
0.000000
0.000000
0.000000
0.000000
0.000000
0.000000
0.000000
0.000000
0.000000
0.000000
0.000000
0.000000
0.000000
0.000000
0.000000
0.000000
0.000000
0.000000
0.000000
0.000000
0.000000
0.000000
0.000000
0.000000
0.000000
0.000000
0.000000
0.000000
8.700003
18.900002
30.899990
36.599979
38.399990
29.699995
19.499996
7.500001
1.800000
0.000000
0.000000
0.000000
0.000000
0.000000
0.000000
0.000000
15.000007
42.899990
61.500023
82.199982
112.200027
133.800064
156.600021
137.400101
126.599991
96.600037
79.500053
65.399994
39.299980
25.200005
26.099991
31.500004
36.000000
42.749996
36.000000
31.500004
22.500000
18.000000
13.499998
4.500000
6.300001
12.600002
18.899996
31.500000
37.799992
37.799992
44.099995
37.799992
37.799992
31.500000
18.899996
12.600002
6.300001
0.000000
0.000000
11.400002
32.400009
47.700012
67.499992
90.599953
98.699989
91.199959
83.400002
70.500008
45.300011
28.200003
19.500000
10.199999
3.000000
0.000000
0.000000
0.000000
0.000000
0.000000
0.000000
0.000000
0.000000
0.000000
0.000000
0.000000
0.000000
0.000000
0.000000
0.000000
0.000000
0.000000
0.000000
0.000000
0.000000
0.000000
0.000000
0.000000
0.000000
0.000000
0.000000
0.000000
0.000000
0.000000
0.000000
0.000000
8.700003
27.599989
41.100014
48.600018
63.599991
58.800022
59.100021
48.600006
27.300001
9.300002
1.800000
0.000000
0.000000
0.000000
0.000000
0.000000
0.000000
15.000007
45.000011
63.600018
85.800018
105.899963
138.000061
143.850067
148.800003
120.300018
103.800018
81.600052
67.500015
42.899975
28.799995
26.099991
26.999996
36.000000
36.000000
36.000000
26.999996
22.500000
18.000000
13.499998
4.500000
6.300001
18.899996
25.200005
31.500000
37.799992
50.400009
50.400009
50.400009
37.799992
31.500000
25.200005
18.899996
6.300001
0.000000
0.000000
11.400002
32.400009
53.400005
78.000008
103.949982
113.399971
105.600029
94.500008
76.950020
51.449993
31.799997
20.999998
10.199999
3.000000
0.000000
0.000000
0.000000
0.000000
0.000000
0.000000
0.000000
0.000000
0.000000
0.000000
0.000000
0.000000
0.000000
0.000000
0.000000
0.000000
0.000000
0.000000
0.000000
0.000000
0.000000
0.000000
0.000000
0.000000
0.000000
0.000000
0.000000
0.000000
0.000000
0.000000
8.700003
18.900002
39.599998
55.499989
76.200012
86.099968
90.000000
83.700020
71.100044
48.299999
28.199997
7.500001
1.800000
0.000000
0.000000
0.000000
0.000000
0.000000
15.000007
33.600006
52.199993
85.800018
106.499954
115.200005
136.949982
126.000023
126.299973
103.800018
73.799988
56.100018
38.399994
24.299994
26.099991
26.999996
26.999996
31.500004
26.999996
26.999996
22.500000
13.499998
9.000000
4.500000
6.300001
18.899996
25.200005
31.500000
44.099995
50.400009
59.849987
50.400009
44.099995
31.500000
25.200005
18.899996
6.300001
0.000000
0.000000
11.400002
32.400009
47.700012
67.499992
90.599953
98.699989
91.199959
83.400002
70.500008
45.300011
28.200003
19.500000
10.199999
3.000000
0.000000
0.000000
0.000000
0.000000
0.000000
0.000000
0.000000
0.000000
0.000000
0.000000
0.000000
0.000000
0.000000
0.000000
0.000000
0.000000
0.000000
0.000000
0.000000
0.000000
0.000000
0.000000
0.000000
0.000000
0.000000
0.000000
0.000000
0.000000
0.000000
0.000000
8.700003
27.599989
43.500008
70.500008
95.099983
115.500000
114.599991
108.300018
85.499992
67.499985
38.400009
13.800004
4.200000
0.000000
0.000000
0.000000
0.000000
0.000000
3.600000
32.100010
50.699997
74.400032
92.999985
100.800011
105.900040
111.600029
107.400040
92.400032
68.700005
50.100010
27.000010
24.299994
21.599991
22.500000
22.500000
22.500000
22.500000
22.500000
18.000000
13.499998
9.000000
0.000000
6.300001
18.899996
25.200005
31.500000
37.799992
50.400009
50.400009
50.400009
37.799992
31.500000
25.200005
18.899996
6.300001
0.000000
0.000000
5.700001
21.899984
37.200008
49.500008
65.700020
72.300018
68.700012
63.600006
49.199993
31.499996
21.299999
14.099999
6.600000
1.500000
0.000000
0.000000
0.000000
0.000000
0.000000
0.000000
0.000000
0.000000
0.000000
0.000000
0.000000
0.000000
0.000000
0.000000
0.000000
0.000000
0.000000
0.000000
0.000000
0.000000
0.000000
0.000000
0.000000
0.000000
0.000000
0.000000
0.000000
0.000000
0.000000
0.000000
8.700003
27.599989
54.299992
78.600014
111.900002
138.750015
136.050018
123.600014
104.699989
77.699959
46.500023
20.399996
6.300001
0.000000
0.000000
0.000000
0.000000
0.000000
2.100000
18.600008
37.199997
57.899979
65.100006
83.700012
89.400047
87.300049
79.499969
72.300003
55.199997
36.600006
17.399998
16.200005
17.099997
13.499998
18.000000
18.000000
18.000000
13.499998
13.499998
9.000000
4.500000
0.000000
6.300001
12.600002
18.899996
31.500000
37.799992
37.799992
44.099995
37.799992
37.799992
31.500000
18.899996
12.600002
6.300001
0.000000
0.000000
0.000000
11.400002
26.700003
37.200008
45.600006
51.600014
52.800014
52.500019
44.400021
33.000008
29.100006
15.300001
3.000000
0.000000
0.000000
0.000000
0.000000
0.000000
0.000000
0.000000
0.000000
0.000000
0.000000
0.000000
0.000000
0.000000
0.000000
0.000000
0.000000
0.000000
0.000000
0.000000
0.000000
0.000000
0.000000
0.000000
0.000000
0.000000
0.000000
0.000000
0.000000
0.000000
0.000000
0.000000
8.700003
27.599989
47.699997
81.300011
105.899933
128.400085
132.000000
129.300003
102.900017
80.399994
49.200012
24.599998
8.400002
0.000000
0.000000
0.000000
0.000000
0.000000
0.000000
5.699999
20.700005
42.899994
48.600025
65.100006
68.699997
68.699997
55.800007
53.700012
38.700005
20.100000
10.799999
11.700002
9.000000
9.000000
13.499998
13.499998
13.499998
9.000000
9.000000
4.500000
0.000000
0.000000
0.000000
12.600002
18.899996
25.200005
31.500000
31.500000
31.500000
31.500000
31.500000
25.200005
18.899996
12.600002
0.000000
0.000000
0.000000
0.000000
0.000000
5.700001
16.200005
21.000008
22.800003
34.200001
33.899982
40.199978
41.399986
37.499996
27.299995
16.200005
0.000000
0.000000
0.000000
0.000000
0.000000
0.000000
0.000000
0.000000
0.000000
0.000000
0.000000
0.000000
0.000000
0.000000
0.000000
0.000000
0.000000
0.000000
0.000000
0.000000
0.000000
0.000000
0.000000
0.000000
0.000000
0.000000
0.000000
0.000000
0.000000
0.000000
0.000000
8.700003
18.900002
46.199982
72.900024
95.399933
109.800049
120.299980
119.250000
101.399994
72.000008
47.400017
24.899994
8.400002
0.000000
0.000000
0.000000
0.000000
0.000000
0.000000
2.100000
5.699999
12.900002
27.900009
35.100010
35.100010
38.700016
35.100014
23.700005
16.499996
12.899999
7.199999
3.600000
0.000000
4.500000
4.500000
4.500000
4.500000
4.500000
0.000000
0.000000
0.000000
0.000000
0.000000
6.300001
12.600002
18.899996
18.899996
25.200005
25.200005
25.200005
18.899996
18.899996
12.600002
6.300001
0.000000
0.000000
0.000000
0.000000
0.000000
0.000000
0.000000
0.000000
6.600001
19.799995
32.400009
42.000015
51.599998
45.000008
38.400013
28.799992
12.600004
0.000000
0.000000
0.000000
0.000000
0.000000
0.000000
0.000000
0.000000
0.000000
0.000000
0.000000
0.000000
0.000000
0.000000
0.000000
0.000000
0.000000
0.000000
0.000000
0.000000
0.000000
0.000000
0.000000
0.000000
0.000000
0.000000
0.000000
0.000000
0.000000
0.000000
0.000000
8.700003
34.199974
58.500023
74.700035
93.900055
95.400009
100.950012
85.199997
57.599991
35.400005
19.199995
6.600001
0.000000
0.000000
0.000000
0.000000
0.000000
0.000000
0.000000
2.100000
4.200000
9.300001
15.000005
15.000005
18.599997
16.499996
14.999997
9.300000
7.199999
3.600000
0.000000
0.000000
0.000000
0.000000
0.000000
0.000000
0.000000
0.000000
3.900000
7.799999
7.799999
7.799999
3.900000
6.300001
12.600002
12.600002
18.899996
23.999983
29.100002
22.800009
22.800009
11.400004
0.000000
0.000000
0.000000
0.000000
0.000000
0.000000
0.000000
0.000000
0.000000
13.200003
29.399998
42.000015
58.200001
67.800011
64.199989
48.000000
38.400013
22.199999
3.000000
0.000000
0.000000
0.000000
0.000000
0.000000
0.000000
0.000000
0.000000
0.000000
0.000000
0.000000
0.000000
0.000000
0.000000
0.000000
0.000000
0.000000
0.000000
0.000000
0.000000
0.000000
0.000000
0.000000
0.000000
0.000000
0.000000
0.000000
0.000000
0.000000
0.000000
0.000000
12.900005
31.799995
54.900009
66.899994
72.899986
68.700005
53.999992
37.799992
25.800005
20.399988
15.000007
10.800004
10.800004
10.800004
3.300000
0.000000
0.000000
0.000000
0.000000
0.000000
2.100000
2.100000
5.700001
5.700001
5.700001
3.600000
3.600000
0.000000
0.000000
0.000000
0.000000
0.000000
0.000000
0.000000
0.000000
0.000000
7.799999
11.699999
15.599998
15.599998
15.599998
11.699999
7.799999
0.000000
6.300001
16.500006
21.599997
26.700006
26.700006
20.400002
15.299997
10.200001
0.000000
0.000000
0.000000
0.000000
0.000000
0.000000
0.000000
0.000000
13.200003
32.400009
51.599998
67.800011
83.699974
76.800026
60.599976
41.400005
25.200008
6.000000
0.000000
0.000000
0.000000
0.000000
0.000000
0.000000
0.000000
0.000000
0.000000
0.000000
0.000000
0.000000
0.000000
0.000000
0.000000
0.000000
0.000000
0.000000
0.000000
0.000000
0.000000
0.000000
0.000000
0.000000
0.000000
0.000000
0.000000
0.000000
0.000000
0.000000
0.000000
2.100000
15.000007
27.300009
35.700012
40.200005
42.299999
31.499994
25.499998
24.599979
24.599998
31.199999
32.399990
32.399990
24.900000
14.100006
3.300000
0.000000
0.000000
0.000000
0.000000
0.000000
0.000000
0.000000
0.000000
0.000000
0.000000
0.000000
0.000000
0.000000
0.000000
0.000000
0.000000
0.000000
0.000000
0.000000
3.900000
11.699999
15.599998
19.500000
23.399998
19.500000
15.599998
11.699999
3.900000
5.100000
15.299997
20.400002
25.500000
30.599995
25.500000
20.400002
15.299997
10.200004
10.200001
10.200001
10.200001
5.100000
0.000000
0.000000
0.000000
13.200003
32.400009
45.000008
64.199989
76.800026
74.699982
57.000015
44.399998
25.200008
6.000000
0.000000
0.000000
0.000000
0.000000
0.000000
0.000000
0.000000
0.000000
0.000000
0.000000
0.000000
0.000000
0.000000
0.000000
0.000000
0.000000
0.000000
0.000000
0.000000
0.000000
0.000000
0.000000
0.000000
0.000000
0.000000
0.000000
0.000000
0.000000
0.000000
0.000000
0.000000
0.000000
2.100000
8.400001
14.999998
17.099998
19.200001
17.099998
22.499983
34.199986
42.000023
43.200016
50.700008
46.500008
43.200016
35.700001
17.399998
3.300000
0.000000
0.000000
0.000000
0.000000
0.000000
0.000000
0.000000
0.000000
0.000000
0.000000
0.000000
0.000000
0.000000
0.000000
0.000000
0.000000
0.000000
0.000000
7.799999
15.599998
19.500000
27.300003
31.199997
27.300003
19.500000
15.599998
7.799999
10.200001
20.400002
25.500000
35.700001
40.800003
35.700001
25.500000
30.600010
25.500004
20.400002
20.400002
20.400002
15.299997
10.200001
0.000000
0.000000
6.600001
25.799999
38.400013
48.000000
60.599976
57.000015
47.399994
34.799995
18.600002
6.000000
0.000000
0.000000
0.000000
0.000000
0.000000
0.000000
0.000000
0.000000
0.000000
0.000000
0.000000
0.000000
0.000000
0.000000
0.000000
0.000000
0.000000
0.000000
0.000000
0.000000
0.000000
0.000000
0.000000
0.000000
0.000000
0.000000
0.000000
0.000000
0.000000
0.000000
0.000000
0.000000
0.000000
2.100000
6.299999
8.400001
8.400001
15.900005
24.599998
38.699989
50.700008
61.499989
64.799980
64.799980
57.299992
46.500008
28.200012
14.100006
3.300000
0.000000
0.000000
0.000000
0.000000
0.000000
0.000000
0.000000
0.000000
0.000000
0.000000
0.000000
0.000000
0.000000
0.000000
0.000000
0.000000
0.000000
7.799999
15.599998
23.399998
31.199997
37.049999
31.199997
23.399998
15.599998
7.799999
10.200001
20.400002
30.599995
40.800003
48.449993
40.800003
35.699993
35.700008
30.600008
25.500000
30.599995
25.500000
20.400002
15.299997
5.100000
0.000000
0.000000
16.200005
28.799992
38.400013
41.400005
44.399998
34.799995
25.200008
9.000000
3.000000
0.000000
0.000000
0.000000
0.000000
0.000000
0.000000
0.000000
0.000000
0.000000
0.000000
0.000000
0.000000
0.000000
0.000000
0.000000
0.000000
0.000000
0.000000
0.000000
0.000000
0.000000
0.000000
0.000000
0.000000
0.000000
0.000000
0.000000
0.000000
0.000000
0.000000
0.000000
0.000000
0.000000
0.000000
2.100000
2.100000
2.100000
9.600003
27.899986
39.900021
58.199997
72.299995
83.099998
78.900002
68.099976
49.799999
35.700001
17.399998
3.300000
0.000000
8.400002
8.400002
8.400002
8.400002
8.400002
0.000000
0.000000
0.000000
0.000000
0.000000
0.000000
0.000000
0.000000
0.000000
0.000000
0.000000
7.799999
15.599998
19.500000
27.300003
31.199997
27.300003
19.500000
15.599998
7.799999
10.200001
20.400002
25.500000
35.700001
40.800003
35.700001
35.700001
40.800014
35.699993
35.700001
40.800003
35.700001
25.500000
20.400002
10.200001
0.000000
0.000000
0.000000
12.600004
22.199999
25.200008
25.200008
18.600002
9.000000
6.000000
0.000000
0.000000
0.000000
0.000000
0.000000
0.000000
0.000000
0.000000
0.000000
0.000000
0.000000
0.000000
0.000000
0.000000
0.000000
0.000000
0.000000
0.000000
0.000000
0.000000
0.000000
0.000000
0.000000
0.000000
0.000000
0.000000
0.000000
0.000000
0.000000
0.000000
0.000000
0.000000
0.000000
0.000000
0.000000
0.000000
0.000000
0.000000
7.500002
25.799986
47.400017
61.499989
79.800041
97.650002
91.349998
71.400002
57.299992
38.999992
17.399998
3.300000
8.400002
16.800005
25.199993
25.199993
25.199993
16.800005
8.400002
0.000000
0.000000
0.000000
0.000000
0.000000
0.000000
0.000000
0.000000
0.000000
0.000000
3.900000
11.699999
15.599998
19.500000
23.399998
19.500000
15.599998
11.699999
3.900000
5.100000
15.299997
20.400002
25.500000
30.599995
25.500000
30.600010
35.700005
35.699982
40.800003
48.449993
40.800003
30.599995
20.400002
10.200001
0.000000
0.000000
0.000000
0.000000
3.000000
6.000000
6.000000
6.000000
3.000000
0.000000
0.000000
0.000000
0.000000
0.000000
0.000000
0.000000
0.000000
0.000000
0.000000
0.000000
0.000000
0.000000
0.000000
0.000000
0.000000
0.000000
0.000000
0.000000
0.000000
0.000000
0.000000
0.000000
0.000000
0.000000
0.000000
0.000000
0.000000
0.000000
0.000000
0.000000
0.000000
0.000000
0.000000
0.000000
0.000000
0.000000
0.000000
0.000000
7.500002
25.799986
39.900021
58.199997
72.299995
83.099998
78.900002
68.099976
49.799999
35.700001
17.399998
11.700005
25.199993
33.600010
33.600010
42.000000
33.600010
33.600010
25.199993
8.400002
0.000000
0.000000
0.000000
0.000000
0.000000
0.000000
0.000000
0.000000
0.000000
0.000000
7.799999
11.699999
15.599998
15.599998
15.599998
11.699999
7.799999
0.000000
0.000000
10.200001
15.299997
20.400002
20.400002
20.400002
25.499994
30.600008
25.500000
35.700001
40.800003
35.700001
25.500000
20.400002
10.200001
0.000000
0.000000
0.000000
0.000000
0.000000
0.000000
0.000000
0.000000
0.000000
0.000000
0.000000
0.000000
0.000000
0.000000
0.000000
0.000000
0.000000
0.000000
0.000000
0.000000
0.000000
0.000000
0.000000
0.000000
0.000000
0.000000
0.000000
0.000000
0.000000
0.000000
0.000000
0.000000
0.000000
0.000000
0.000000
0.000000
0.000000
0.000000
0.000000
0.000000
0.000000
0.000000
0.000000
0.000000
0.000000
0.000000
0.000000
0.000000
7.500002
18.299999
36.599998
50.700008
61.499989
64.799980
64.799980
57.299992
46.500008
28.200012
22.500011
20.099997
33.600010
42.000000
50.399986
50.399986
50.399986
42.000000
33.600010
16.800005
8.400002
0.000000
0.000000
0.000000
0.000000
0.000000
0.000000
0.000000
0.000000
0.000000
0.000000
3.900000
7.799999
7.799999
7.799999
3.900000
0.000000
0.000000
0.000000
0.000000
5.100000
10.200001
10.200001
10.200001
10.200004
15.299997
20.400002
25.500000
30.599995
25.500000
20.400002
15.299997
5.100000
0.000000
0.000000
0.000000
0.000000
0.000000
0.000000
0.000000
0.000000
0.000000
0.000000
0.000000
0.000000
0.000000
0.000000
0.000000
0.000000
0.000000
0.000000
0.000000
0.000000
0.000000
0.000000
0.000000
0.000000
0.000000
0.000000
0.000000
0.000000
0.000000
0.000000
0.000000
0.000000
0.000000
0.000000
0.000000
0.000000
0.000000
0.000000
0.000000
0.000000
0.000000
0.000000
0.000000
0.000000
0.000000
0.000000
0.000000
0.000000
0.000000
7.500002
25.799986
39.900021
43.200016
50.700008
46.500008
43.200016
35.700001
17.399998
11.700005
25.199993
33.600010
50.399986
58.799984
67.200020
58.799984
50.399986
33.600010
25.199993
8.400002
0.000000
0.000000
0.000000
0.000000
0.000000
0.000000
0.000000
0.000000
0.000000
0.000000
0.000000
0.000000
0.000000
0.000000
0.000000
0.000000
0.000000
0.000000
0.000000
0.000000
0.000000
0.000000
0.000000
0.000000
10.200001
15.299997
20.400002
20.400002
20.400002
15.299997
10.200001
0.000000
0.000000
0.000000
0.000000
0.000000
0.000000
0.000000
0.000000
0.000000
0.000000
0.000000
0.000000
0.000000
0.000000
0.000000
0.000000
0.000000
0.000000
0.000000
0.000000
0.000000
0.000000
0.000000
0.000000
0.000000
0.000000
0.000000
0.000000
0.000000
0.000000
0.000000
0.000000
0.000000
0.000000
0.000000
0.000000
0.000000
0.000000
0.000000
0.000000
0.000000
0.000000
0.000000
0.000000
0.000000
0.000000
0.000000
0.000000
0.000000
0.000000
0.000000
7.500002
18.299999
29.099998
32.399990
32.399990
24.900000
14.100006
3.300000
8.400002
25.199993
42.000000
50.399986
67.200020
79.799980
67.200020
50.399986
42.000000
25.199993
8.400002
0.000000
0.000000
0.000000
0.000000
0.000000
0.000000
0.000000
0.000000
0.000000
0.000000
0.000000
0.000000
0.000000
0.000000
0.000000
0.000000
0.000000
0.000000
0.000000
0.000000
0.000000
0.000000
0.000000
0.000000
0.000000
5.100000
10.200001
10.200001
10.200001
5.100000
0.000000
0.000000
0.000000
0.000000
0.000000
0.000000
0.000000
0.000000
0.000000
0.000000
0.000000
0.000000
0.000000
0.000000
0.000000
0.000000
0.000000
0.000000
0.000000
0.000000
0.000000
0.000000
0.000000
0.000000
0.000000
0.000000
0.000000
0.000000
0.000000
0.000000
0.000000
0.000000
0.000000
0.000000
0.000000
0.000000
0.000000
0.000000
0.000000
0.000000
0.000000
0.000000
0.000000
0.000000
0.000000
0.000000
0.000000
0.000000
0.000000
0.000000
0.000000
0.000000
0.000000
7.500002
10.800004
10.800004
10.800004
10.800004
3.300000
0.000000
8.400002
25.199993
33.600010
50.399986
58.799984
67.200020
58.799984
50.399986
33.600010
25.199993
8.400002
0.000000
0.000000
0.000000
5.100000
5.100000
5.100000
5.100000
5.100000
0.000000
0.000000
0.000000
0.000000
0.000000
0.000000
0.000000
0.000000
0.000000
0.000000
0.000000
0.000000
0.000000
0.000000
0.000000
0.000000
0.000000
0.000000
0.000000
0.000000
0.000000
0.000000
0.000000
0.000000
0.000000
0.000000
0.000000
0.000000
0.000000
0.000000
0.000000
0.000000
0.000000
0.000000
0.000000
0.000000
0.000000
0.000000
0.000000
0.000000
0.000000
0.000000
0.000000
0.000000
0.000000
0.000000
0.000000
0.000000
0.000000
0.000000
0.000000
0.000000
0.000000
0.000000
0.000000
0.000000
0.000000
0.000000
0.000000
0.000000
0.000000
0.000000
0.000000
0.000000
0.000000
0.000000
0.000000
0.000000
0.000000
0.000000
0.000000
0.000000
0.000000
0.000000
0.000000
0.000000
0.000000
0.000000
0.000000
0.000000
0.000000
0.000000
8.400002
16.800005
33.600010
42.000000
50.399986
50.399986
50.399986
42.000000
33.600010
16.800005
8.400002
0.000000
0.000000
5.100000
10.200001
15.299997
15.299997
15.299997
10.200001
5.100000
0.000000
0.000000
0.000000
0.000000
0.000000
0.000000
0.000000
0.000000
0.000000
0.000000
0.000000
0.000000
0.000000
0.000000
0.000000
0.000000
0.000000
0.000000
0.000000
0.000000
0.000000
0.000000
0.000000
0.000000
0.000000
0.000000
0.000000
0.000000
0.000000
0.000000
0.000000
0.000000
0.000000
0.000000
0.000000
0.000000
0.000000
0.000000
0.000000
0.000000
0.000000
0.000000
0.000000
0.000000
0.000000
0.000000
0.000000
0.000000
0.000000
0.000000
0.000000
0.000000
0.000000
0.000000
0.000000
0.000000
0.000000
0.000000
0.000000
0.000000
0.000000
0.000000
0.000000
0.000000
0.000000
0.000000
0.000000
0.000000
0.000000
0.000000
0.000000
0.000000
0.000000
0.000000
0.000000
0.000000
0.000000
0.000000
0.000000
0.000000
0.000000
0.000000
8.400002
25.199993
33.600010
33.600010
42.000000
33.600010
33.600010
25.199993
8.400002
0.000000
0.000000
5.100000
15.299997
20.400002
20.400002
25.500000
20.400002
20.400002
15.299997
5.100000
0.000000
0.000000
0.000000
0.000000
0.000000
0.000000
0.000000
0.000000
0.000000
0.000000
0.000000
0.000000
0.000000
0.000000
0.000000
0.000000
0.000000
0.000000
0.000000
0.000000
0.000000
0.000000
0.000000
0.000000
0.000000
0.000000
0.000000
0.000000
0.000000
0.000000
0.000000
0.000000
0.000000
0.000000
0.000000
0.000000
0.000000
0.000000
0.000000
0.000000
0.000000
0.000000
0.000000
0.000000
0.000000
0.000000
0.000000
0.000000
0.000000
0.000000
0.000000
0.000000
0.000000
0.000000
0.000000
0.000000
0.000000
0.000000
0.000000
0.000000
0.000000
0.000000
0.000000
0.000000
0.000000
0.000000
0.000000
0.000000
0.000000
0.000000
0.000000
0.000000
0.000000
0.000000
0.000000
0.000000
0.000000
0.000000
0.000000
0.000000
0.000000
0.000000
8.400002
16.800005
25.199993
25.199993
25.199993
16.800005
8.400002
0.000000
0.000000
5.100000
10.200001
20.400002
25.500000
30.599995
30.599995
30.599995
25.500000
20.400002
10.200001
5.100000
0.000000
0.000000
0.000000
0.000000
0.000000
0.000000
0.000000
0.000000
0.000000
0.000000
0.000000
0.000000
0.000000
0.000000
0.000000
0.000000
0.000000
0.000000
0.000000
0.000000
0.000000
0.000000
0.000000
0.000000
0.000000
0.000000
0.000000
0.000000
0.000000
0.000000
0.000000
0.000000
0.000000
0.000000
0.000000
0.000000
0.000000
0.000000
0.000000
0.000000
0.000000
0.000000
0.000000
0.000000
0.000000
0.000000
0.000000
0.000000
0.000000
0.000000
0.000000
0.000000
0.000000
0.000000
0.000000
0.000000
0.000000
0.000000
0.000000
0.000000
0.000000
0.000000
0.000000
0.000000
0.000000
0.000000
0.000000
0.000000
0.000000
0.000000
0.000000
0.000000
0.000000
0.000000
0.000000
0.000000
0.000000
0.000000
0.000000
0.000000
0.000000
0.000000
8.400002
8.400002
8.400002
8.400002
8.400002
0.000000
0.000000
0.000000
5.100000
15.299997
20.400002
30.599995
35.700001
40.800003
35.700001
30.599995
20.400002
15.299997
5.100000
0.000000
0.000000
0.000000
0.000000
0.000000
0.000000
0.000000
0.000000
0.000000
0.000000
0.000000
0.000000
0.000000
0.000000
0.000000
0.000000
0.000000
0.000000
0.000000
0.000000
0.000000
0.000000
0.000000
0.000000
0.000000
0.000000
0.000000
0.000000
0.000000
0.000000
0.000000
0.000000
0.000000
0.000000
0.000000
0.000000
0.000000
0.000000
0.000000
0.000000
0.000000
0.000000
0.000000
0.000000
0.000000
0.000000
0.000000
0.000000
0.000000
0.000000
0.000000
0.000000
0.000000
0.000000
0.000000
0.000000
0.000000
0.000000
0.000000
0.000000
0.000000
0.000000
0.000000
0.000000
0.000000
0.000000
0.000000
0.000000
0.000000
0.000000
0.000000
0.000000
0.000000
0.000000
0.000000
0.000000
0.000000
0.000000
0.000000
0.000000
0.000000
0.000000
0.000000
0.000000
0.000000
0.000000
0.000000
0.000000
0.000000
0.000000
5.100000
15.299997
25.500000
30.599995
40.800003
48.449993
40.800003
30.599995
25.500000
15.299997
5.100000
0.000000
0.000000
0.000000
0.000000
0.000000
0.000000
0.000000
0.000000
0.000000
0.000000
0.000000
0.000000
0.000000
0.000000
0.000000
0.000000
0.000000
0.000000
0.000000
0.000000
0.000000
0.000000
0.000000
0.000000
0.000000
0.000000
0.000000
0.000000
0.000000
0.000000
0.000000
0.000000
0.000000
0.000000
0.000000
0.000000
0.000000
0.000000
0.000000
0.000000
0.000000
0.000000
0.000000
0.000000
0.000000
0.000000
0.000000
0.000000
0.000000
0.000000
0.000000
0.000000
0.000000
0.000000
0.000000
0.000000
0.000000
0.000000
0.000000
0.000000
0.000000
0.000000
0.000000
0.000000
0.000000
0.000000
0.000000
0.000000
0.000000
0.000000
0.000000
0.000000
0.000000
0.000000
0.000000
0.000000
0.000000
0.000000
0.000000
0.000000
0.000000
0.000000
0.000000
0.000000
0.000000
0.000000
0.000000
0.000000
0.000000
0.000000
5.100000
15.299997
20.400002
30.599995
35.700001
40.800003
35.700001
30.599995
20.400002
15.299997
5.100000
0.000000
0.000000
0.000000
0.000000
0.000000
0.000000
0.000000
0.000000
0.000000
0.000000
0.000000
0.000000
0.000000
0.000000
0.000000
0.000000
0.000000
0.000000
0.000000
0.000000
0.000000
0.000000
0.000000
0.000000
0.000000
0.000000
0.000000
0.000000
0.000000
0.000000
0.000000
0.000000
0.000000
0.000000
0.000000
0.000000
0.000000
0.000000
0.000000
0.000000
0.000000
0.000000
0.000000
0.000000
0.000000
0.000000
0.000000
0.000000
0.000000
0.000000
0.000000
0.000000
0.000000
0.000000
0.000000
0.000000
0.000000
0.000000
0.000000
0.000000
0.000000
0.000000
0.000000
0.000000
0.000000
0.000000
0.000000
0.000000
0.000000
0.000000
0.000000
0.000000
0.000000
0.000000
0.000000
0.000000
0.000000
0.000000
0.000000
0.000000
0.000000
0.000000
0.000000
0.000000
0.000000
0.000000
0.000000
0.000000
0.000000
0.000000
5.100000
10.200001
20.400002
25.500000
30.599995
30.599995
30.599995
25.500000
20.400002
10.200001
5.100000
0.000000
0.000000
0.000000
0.000000
0.000000
0.000000
0.000000
0.000000
0.000000
0.000000
0.000000
0.000000
0.000000
0.000000
0.000000
0.000000
0.000000
0.000000
0.000000
0.000000
0.000000
0.000000
0.000000
0.000000
0.000000
0.000000
0.000000
0.000000
0.000000
0.000000
0.000000
0.000000
0.000000
0.000000
0.000000
0.000000
0.000000
0.000000
0.000000
0.000000
0.000000
0.000000
0.000000
0.000000
0.000000
0.000000
0.000000
0.000000
0.000000
0.000000
0.000000
0.000000
0.000000
0.000000
0.000000
0.000000
0.000000
0.000000
0.000000
0.000000
0.000000
0.000000
0.000000
0.000000
0.000000
0.000000
0.000000
0.000000
0.000000
0.000000
0.000000
0.000000
0.000000
0.000000
0.000000
0.000000
0.000000
0.000000
0.000000
0.000000
0.000000
0.000000
0.000000
0.000000
0.000000
0.000000
0.000000
0.000000
0.000000
0.000000
0.000000
5.100000
15.299997
20.400002
20.400002
25.500000
20.400002
20.400002
15.299997
5.100000
0.000000
0.000000
0.000000
0.000000
0.000000
0.000000
0.000000
0.000000
0.000000
0.000000
0.000000
0.000000
0.000000
0.000000
0.000000
0.000000
0.000000
0.000000
0.000000
0.000000
0.000000
0.000000
0.000000
0.000000
0.000000
0.000000
0.000000
0.000000
0.000000
0.000000
0.000000
0.000000
0.000000
0.000000
0.000000
0.000000
0.000000
0.000000
0.000000
0.000000
0.000000
0.000000
0.000000
0.000000
0.000000
0.000000
0.000000
0.000000
0.000000
0.000000
0.000000
0.000000
0.000000
0.000000
0.000000
0.000000
0.000000
0.000000
0.000000
0.000000
0.000000
0.000000
0.000000
0.000000
0.000000
0.000000
0.000000
0.000000
0.000000
0.000000
0.000000
0.000000
0.000000
0.000000
0.000000
0.000000
0.000000
0.000000
0.000000
0.000000
0.000000
0.000000
0.000000
0.000000
0.000000
0.000000
0.000000
0.000000
0.000000
0.000000
0.000000
0.000000
0.000000
5.100000
10.200001
15.299997
15.299997
15.299997
10.200001
5.100000
0.000000
0.000000
0.000000
0.000000
0.000000
0.000000
0.000000
0.000000
0.000000
0.000000
0.000000
0.000000
0.000000
0.000000
0.000000
0.000000
0.000000
0.000000
0.000000
0.000000
0.000000
0.000000
0.000000
0.000000
0.000000
0.000000
0.000000
0.000000
0.000000
0.000000
0.000000
0.000000
0.000000
0.000000
0.000000
0.000000
0.000000
0.000000
0.000000
0.000000
0.000000
0.000000
0.000000
0.000000
0.000000
0.000000
0.000000
0.000000
0.000000
0.000000
0.000000
0.000000
0.000000
0.000000
0.000000
0.000000
0.000000
0.000000
0.000000
0.000000
0.000000
0.000000
0.000000
0.000000
0.000000
0.000000
0.000000
0.000000
0.000000
0.000000
0.000000
0.000000
0.000000
0.000000
0.000000
0.000000
0.000000
0.000000
0.000000
0.000000
0.000000
0.000000
0.000000
0.000000
0.000000
0.000000
0.000000
0.000000
0.000000
0.000000
0.000000
0.000000
0.000000
0.000000
0.000000
5.100000
5.100000
5.100000
5.100000
5.100000
0.000000
0.000000
0.000000
0.000000
0.000000
0.000000
0.000000
0.000000
0.000000
0.000000
0.000000
0.000000
0.000000
0.000000
0.000000
0.000000
0.000000
0.000000
0.000000
0.000000
0.000000
0.000000
0.000000
0.000000
0.000000
0.000000
0.000000
0.000000
0.000000
0.000000
0.000000
0.000000
0.000000
0.000000
0.000000
0.000000
0.000000
0.000000
0.000000
0.000000
0.000000
0.000000
0.000000
0.000000
0.000000
0.000000
0.000000
0.000000
0.000000
0.000000
0.000000
0.000000
0.000000
0.000000
0.000000
0.000000
0.000000
0.000000
0.000000
0.000000
0.000000
0.000000
0.000000
0.000000
0.000000
0.000000
0.000000
0.000000
0.000000
0.000000
0.000000
0.000000
0.000000
0.000000
0.000000
0.000000
0.000000
0.000000
0.000000
0.000000
0.000000
0.000000
0.000000
0.000000
0.000000
0.000000
0.000000
0.000000
0.000000
0.000000
0.000000
0.000000
0.000000
0.000000
0.000000
0.000000
0.000000
0.000000
0.000000
0.000000
0.000000
0.000000
0.000000
0.000000
0.000000
0.000000
0.000000
0.000000
0.000000
0.000000
0.000000
0.000000
0.000000
0.000000
0.000000
0.000000
0.000000
0.000000
0.000000
0.000000
0.000000
0.000000
0.000000
0.000000
0.000000
0.000000
0.000000
0.000000
0.000000
0.000000
0.000000
0.000000
0.000000
0.000000
0.000000
0.000000
0.000000
0.000000
0.000000
